# Time-averaged data for fix myglobalout1
# TimeStep v_ttime v_ppress v_vvol v_ppe v_kke v_ppx v_ppy v_ppz
1000 101 9856.47 730228 -91837 50712.2 10407.5 11805 7356.9
2000 301 6499.56 730228 -102346 59738.2 7280.09 8458.74 3759.86
3000 501 5223.16 730228 -106654 58119.5 6110.95 7135.06 2423.47
4000 701 4709.85 730228 -109923 56732.8 5576.84 6439.97 2112.74
5000 901 4308.39 730228 -112497 56118.8 5277.88 5854.68 1792.59
6000 1101 4093.17 730228 -114037 55870.9 5314.69 5544.23 1420.6
7000 1301 3987.69 730228 -114806 56018.4 5157.85 5383.61 1421.62
8000 1501 3816.81 730228 -115520 56059.5 4982.26 5172.1 1296.08
9000 1701 3630.16 730228 -116130 55907 4706.28 4895.05 1289.16
10000 1901 3425.15 730228 -116484 56035.2 4648.83 4809.35 817.263
11000 2505 3061.01 730228 -117693 55988.6 4078.37 4491.5 613.162
12000 3505 2708.75 730228 -119460 55973.6 3688.12 4137.41 300.723
13000 4505 2501.35 730228 -120610 56072.2 3466.74 3953.29 84.0143
14000 5505 2273.47 730228 -121474 56021.5 3273.94 3580.71 -34.2219
15000 6505 2085.4 730228 -122306 55994.9 3109.17 3413.67 -266.651
16000 7505 2048.3 730228 -122737 56059.6 2983.55 3357.19 -195.827
17000 8505 1916.48 730228 -123132 56052 2865.58 3229.6 -345.731
18000 9505 1822.98 730228 -123635 55992.9 2780.41 3070.28 -381.746
19000 10505 1688.36 730228 -124131 55971 2650.27 3016.34 -601.536
20000 11505 1674.92 730228 -124442 55967.7 2606.3 3013.99 -595.541
21000 12505 1622.55 730228 -124867 56009.9 2566.57 2886.25 -585.171
22000 13505 1516.39 730228 -124828 56061.3 2494.9 2801.94 -747.669
23000 14505 1419.78 730228 -125174 56014.9 2318.06 2785.81 -844.532
24000 15505 1411.04 730228 -125340 55970.4 2329.16 2707.34 -803.385
25000 16505 1378.86 730228 -125329 56092.4 2317.5 2681.17 -862.079
26000 17505 1399.65 730228 -125466 56016.5 2407.79 2680.06 -888.888
27000 18505 1387.86 730228 -125623 56028.3 2400.84 2632.07 -869.316
28000 19505 1387.76 730228 -125773 56083.4 2374.59 2623.21 -834.517
29000 20505 1326.55 730228 -125894 55986 2281.88 2539.8 -842.039
30000 21505 1320.76 730228 -125963 56046.6 2270.44 2530.88 -839.027
31000 22505 1322.11 730228 -126186 55971 2300.37 2588.5 -922.536
32000 23505 1276.49 730228 -126294 55940.5 2233.44 2553.13 -957.092
33000 24505 1235.08 730228 -126331 56022.1 2247.15 2457.55 -999.463
34000 25505 1222.42 730228 -126551 55977.5 2236.23 2447.11 -1016.06
35000 26505 1191.22 730228 -126614 55951.6 2130.11 2476.24 -1032.68
36000 27505 1178.15 730228 -126527 56084.1 2163.32 2485.1 -1113.99
37000 28505 1289.54 730228 -126618 55997.3 2204.49 2606.6 -942.456
38000 29505 1311.62 730228 -126745 56040.7 2245.96 2571.65 -882.742
39000 30505 1252.89 730228 -126616 56038.2 2210.34 2511.61 -963.272
40000 31505 1229.7 730228 -126657 56072.7 2163.39 2472.45 -946.736
41000 32505 1186.86 730228 -126808 56011 2132.08 2439.43 -1010.92
42000 33505 1191.8 730228 -126876 56020.9 2088.34 2368.71 -881.652
43000 34505 1250.66 730228 -126937 55986.8 2177.2 2441.09 -866.321
44000 35505 1143.14 730228 -127023 55964.2 1994.15 2432.05 -996.792
45000 36505 1246.66 730228 -127082 55953.3 2149.81 2473.55 -883.372
46000 37505 1187.99 730228 -127097 56030.9 2162.28 2339.39 -937.687
47000 38505 1256.91 730228 -127231 55978.3 2214.42 2420.69 -864.38
48000 39505 1182.54 730228 -127258 55952.9 2148.29 2340.79 -941.464
49000 40505 1229.22 730228 -127235 56071.3 2162.08 2394.17 -868.579
50000 41505 1281.89 730228 -127240 56041.6 2153.1 2454.62 -762.057
51000 42505 1242.18 730228 -127311 55976.9 2140.67 2433.92 -848.06
52000 43505 1179.65 730228 -127331 56028.4 2044.57 2370.26 -875.895
53000 44505 1199.41 730228 -127366 56061.3 2037.37 2433.04 -872.187
54000 45505 1175.28 730228 -127482 56053.5 2129.52 2339.76 -943.45
55000 46505 1108.26 730228 -127580 55951.4 1977.56 2365.04 -1017.8
56000 47505 1170.76 730228 -127513 56072.3 2070.24 2359.75 -917.707
57000 48505 1236.45 730228 -127457 56067.1 2109.97 2499.03 -899.653
58000 49505 1139.82 730228 -127530 55994.1 2040.17 2388.88 -1009.61
59000 50505 1183.09 730228 -127569 56071.4 2054.34 2427.39 -932.465
60000 51505 1129.15 730228 -127678 56017.9 2021.43 2356.78 -990.76
61000 52505 1163.2 730228 -127692 55995.8 2007.33 2438.71 -956.448
62000 53505 1125.35 730228 -127603 56005.7 2014.74 2357.41 -996.087
63000 54505 1117.83 730228 -127726 55972.5 2028.18 2369.66 -1044.35
64000 55505 1189.55 730228 -127642 56070.1 2088.72 2426.54 -946.609
65000 56505 1206.86 730228 -127624 56054.3 2039.25 2494.62 -913.308
66000 57505 1098.15 730228 -127610 56015 1988.03 2347.52 -1041.09
67000 58505 1083.53 730228 -127773 55912.8 1910.67 2362.67 -1022.76
68000 59505 1214.36 730228 -127716 56063.7 2091.34 2522.41 -970.655
69000 60505 1205.6 730228 -127665 56008.6 2055.97 2465.45 -904.627
70000 61505 1118.66 730228 -127819 55933.1 2004.39 2358.37 -1006.77
71000 62505 1111.15 730228 -127792 55890.7 1959.3 2393.47 -1019.31
72000 63505 1182.49 730228 -127675 56031.6 2094.49 2422.01 -969.034
73000 64505 1191.54 730228 -127646 56082.2 2103.96 2449.11 -978.443
74000 65505 1220.31 730228 -127780 56030.6 2078.99 2472.37 -890.432
75000 66505 1078.79 730228 -128070 55943.5 2008.44 2334.52 -1106.57
76000 67505 1152.9 730228 -127868 56028.4 2132.42 2411.72 -1085.42
77000 68505 1148.98 730228 -127846 55961.3 2078.33 2433.21 -1064.61
78000 69505 1084.51 730228 -127747 56074.7 1962.25 2412.46 -1121.17
79000 70505 1169.97 730228 -127834 56035.1 2104.17 2472.92 -1067.18
80000 71505 1087.51 730228 -128122 55939.6 1992.6 2420.87 -1150.94
81000 72505 1140.2 730228 -127926 56008.2 2027.88 2398.52 -1005.78
82000 73505 1144.72 730228 -128092 55923.1 2039.85 2408.14 -1013.83
83000 74505 1092.96 730228 -128111 56042 1997.48 2339.12 -1057.73
84000 75505 1184.81 730228 -128062 56103.4 2079.23 2458.29 -983.089
85000 76505 1131.54 730228 -128026 55976.6 2029.34 2390.12 -1024.84
86000 77505 1156.64 730228 -128063 55929 2110.18 2431.3 -1071.55
87000 78505 1090.49 730228 -127964 56046.7 2005.78 2324.35 -1058.65
88000 79505 1171.32 730228 -127950 56036 2103.08 2442.97 -1032.08
89000 80505 1130.71 730228 -128134 55988.1 2109.29 2327.73 -1044.89
90000 81505 1084.34 730228 -128153 56006.8 2045.95 2335.94 -1128.85
91000 82505 1073.94 730228 -128122 56043.6 2010.87 2303.97 -1093.03
92000 83505 1074.96 730228 -128090 56051.5 2018.51 2314.93 -1108.56
93000 84505 1034.35 730228 -128141 55961.5 1967.87 2358.58 -1223.38
94000 85505 1035.06 730228 -128121 55972.3 2000.73 2288.87 -1184.43
95000 86505 1001.2 730228 -128075 56007.7 1972.81 2306.67 -1275.88
96000 87505 1154.88 730228 -128056 56014.4 2136.23 2364.26 -1035.85
97000 88505 1152.83 730228 -128089 56111.6 2103.79 2393.81 -1039.1
98000 89505 1145.64 730228 -128072 56022.9 2087.94 2365.67 -1016.7
99000 90505 1122.16 730228 -128215 56064.5 2133.46 2315.64 -1082.62
100000 91505 1067.78 730228 -128236 56026.5 2077.81 2258.23 -1132.7
101000 92505 1068.94 730228 -128324 55969.2 2009.66 2342.02 -1144.87
102000 93505 1089.93 730228 -128365 55981.9 1985.91 2404.86 -1120.97
103000 94505 1124.24 730228 -128483 56020.9 2107.92 2351.39 -1086.58
104000 95505 1153.24 730228 -128297 56022 2077.44 2388.87 -1006.6
105000 96505 1091.29 730228 -128206 56008.1 2018.04 2341.48 -1085.64
106000 97505 1028.89 730228 -128261 56019.9 1885.88 2314.57 -1113.78
107000 98505 1075.62 730228 -128404 56012.6 2022.9 2381.32 -1177.35
108000 99505 1020.22 730228 -128437 56037.3 1965.79 2280.7 -1185.82
109000 100505 1047.89 730228 -128536 55942.7 1966.09 2292.32 -1114.73
110000 101505 1046.06 730228 -128369 56028.3 1973.18 2304.75 -1139.75
111000 102505 1119.89 730228 -128377 56034.3 2022.84 2401.07 -1064.23
112000 103505 1119.2 730228 -128423 56046.6 2009.17 2381.13 -1032.68
113000 104505 1156.32 730228 -128480 55982.4 2043.95 2412.63 -987.615
114000 105505 1131.37 730228 -128427 55997.7 2054.34 2371.6 -1031.81
115000 106505 1168.83 730228 -128594 55914.2 2088.28 2406.11 -987.907
116000 107505 1071.42 730228 -128413 56005 1995.55 2319.34 -1100.63
117000 108505 1176.33 730228 -128476 56092.4 2116.27 2400.43 -987.706
118000 109505 1067.15 730228 -128492 56020.4 2008.03 2335.23 -1141.8
119000 110505 1071.24 730228 -128590 55973 1964.35 2367.4 -1118.02
120000 111505 1062.87 730228 -128480 56067.1 1994.45 2368.15 -1173.99
121000 112505 1106.37 730228 -128395 56111.1 2089.08 2358.73 -1128.7
122000 113505 1074.65 730228 -128676 56006.4 2035.91 2302.08 -1114.03
123000 114505 1035.1 730228 -128597 56058.7 1935.29 2259.1 -1089.09
124000 115505 1062.04 730228 -128618 56087.2 2021.92 2286.6 -1122.41
125000 116505 1018.81 730228 -128610 56002.7 1883.27 2276.09 -1102.92
126000 117505 1004.2 730228 -128473 56008.4 1902.68 2261.6 -1151.66
127000 118505 1056.89 730228 -128505 55998 1971.01 2302.1 -1102.42
128000 119505 1080.51 730228 -128604 55993.3 1956.9 2349.68 -1065.04
129000 120505 1068.83 730228 -128597 56007.9 2023.11 2274.14 -1090.77
130000 121505 1057.48 730228 -128611 56019 1991.33 2249.58 -1068.47
131000 122505 1095.41 730228 -128578 56081.9 1975.76 2363.04 -1052.56
132000 123505 1111.39 730228 -128556 56021.7 1976.6 2365.53 -1007.98
133000 124505 1066.13 730228 -128720 55985.6 1970.95 2346.23 -1118.8
134000 125505 1142.03 730228 -128590 55939.3 2075.25 2351.43 -1000.61
135000 126505 1055.94 730228 -128545 56017.7 1979.14 2374.74 -1186.08
136000 127505 1096.63 730228 -128706 56031.6 1984.34 2359.04 -1053.5
137000 128505 1044.65 730228 -128528 56105.9 1993.99 2312.54 -1172.59
138000 129505 1041.53 730228 -128829 55943.9 1986.47 2253.56 -1115.45
139000 130505 1065.73 730228 -128713 55981.2 1977.3 2304.3 -1084.41
140000 131505 1036.42 730228 -128797 55987.7 1940.24 2272.01 -1103
141000 132505 1080.79 730228 -128716 56050.3 1965.74 2352.99 -1076.37
142000 133505 1096.06 730228 -128786 56082.3 1915.39 2381.23 -1008.44
143000 134505 1080.11 730228 -128918 55976.3 1939.51 2356.43 -1055.62
144000 135505 1042.62 730228 -128825 55990.8 1859.14 2378.06 -1109.35
145000 136505 1083.99 730228 -128804 56023 1891.51 2370.87 -1010.41
146000 137505 1023.14 730228 -128825 56024.3 1904.54 2287.98 -1123.11
147000 138505 993.442 730228 -128941 55960.6 1860.42 2287.1 -1167.2
148000 139505 1096.46 730228 -128853 56076.9 2006.49 2355.9 -1073.01
149000 140505 986.846 730228 -128890 56002.8 1848.84 2250.13 -1138.43
150000 141505 1026.84 730228 -128940 55977.1 1903.07 2260.91 -1083.46
151000 142505 1093.01 730228 -128842 56069.9 1938.1 2304.65 -963.719
152000 143505 1076.89 730228 -129106 56025.9 1937.94 2368.85 -1076.13
153000 144505 1076.37 730228 -128914 56034.8 1949.62 2331.09 -1051.6
154000 145505 1027.02 730228 -128941 56050.7 1895.7 2288.19 -1102.82
155000 146505 979.201 730228 -129020 55908.2 1818.71 2230.27 -1111.38
156000 147505 1077.91 730228 -128952 55969.7 1971.1 2313.12 -1050.5
157000 148505 1089.83 730228 -128835 56045.3 2012.38 2354.24 -1097.15
158000 149505 1074.81 730228 -128950 56057.9 1956.22 2310.71 -1042.51
159000 150505 1078.42 730228 -129124 55928.3 1890.56 2387.77 -1043.06
160000 151505 967.549 730228 -129056 56022.4 1838.85 2252.58 -1188.79
161000 152505 1070.41 730228 -129022 56053 1887.18 2342.48 -1018.43
162000 153505 1010.98 730228 -128932 56060.2 1872.29 2250.79 -1090.14
163000 154505 1103.93 730228 -129053 55995.9 2009.39 2363.99 -1061.59
164000 155505 1072.56 730228 -129036 55994 1987.61 2283.53 -1053.46
165000 156505 1104.97 730228 -129028 56043.5 1975.77 2290.67 -951.536
166000 157505 1029.12 730228 -129127 55939.9 1888.59 2280.55 -1081.78
167000 158505 1006.41 730228 -128996 56007.5 1880.87 2203.34 -1064.98
168000 159505 1015.53 730228 -128921 56047.3 1884.83 2302 -1140.23
169000 160505 990.397 730228 -129044 55978.7 1904.88 2236.86 -1170.55
170000 161505 1005.31 730228 -129286 56003.8 1906.07 2227.87 -1118.01
171000 162505 938.034 730228 -129081 56065.8 1742.16 2231.45 -1159.51
172000 163505 997.892 730228 -129110 56079.8 1897.1 2267.34 -1170.77
173000 164505 984.377 730228 -129097 55987.1 1847.83 2282.5 -1177.2
174000 165505 995.847 730228 -129125 56016.8 1929.66 2253.06 -1195.18
175000 166505 1037.04 730228 -129226 56004.1 1908.64 2275.32 -1072.84
176000 167505 1101.08 730228 -129145 55981.2 1948.48 2337.66 -982.882
177000 168505 1049.18 730228 -129188 56014.1 1926.93 2290.89 -1070.28
178000 169505 1039.12 730228 -129081 56042 1954.87 2316.96 -1154.48
179000 170505 1041.03 730228 -129264 55988.7 1953.95 2284.4 -1115.26
180000 171505 954.698 730228 -129147 56005.7 1916.98 2177.93 -1230.82
181000 172505 1030.51 730228 -129338 55986.7 1889.62 2253.64 -1051.73
182000 173505 1033.06 730228 -129213 56015.2 1946.96 2261.5 -1109.28
183000 174505 1050.54 730228 -129298 55995.2 2002.6 2311.34 -1162.33
184000 175505 985.73 730228 -129154 55994.2 1912.57 2249.09 -1204.47
185000 176505 1022.76 730228 -128977 56061.4 1939.58 2286.05 -1157.35
186000 177505 1015.3 730228 -129015 56067.4 1928.43 2296.87 -1179.42
187000 178505 1033.34 730228 -129113 56023.4 1960.64 2276.63 -1137.24
188000 179505 986.93 730228 -129107 56042.4 1919.67 2263.13 -1222.01
189000 180505 930.092 730228 -129284 55985.6 1885.07 2143.04 -1237.83
190000 181505 992.998 730228 -129220 56076.4 1949.75 2198.31 -1169.07
191000 182505 963.629 730228 -129212 56044.1 1905.95 2158.55 -1173.62
192000 183505 952.705 730228 -129219 56054.2 1878.21 2152.07 -1172.17
193000 184505 998.774 730228 -129339 56003.6 1893.72 2198.91 -1096.31
194000 185505 1009.42 730228 -129131 56055.8 1854.27 2270.26 -1096.27
195000 186505 1105.89 730228 -129272 56015.9 1993.94 2324.22 -1000.48
196000 187505 993.571 730228 -129217 56059.9 1933.55 2210.36 -1163.19
197000 188505 925.36 730228 -129278 55999.4 1844.68 2140.68 -1209.27
198000 189505 943.793 730228 -129252 56068.1 1798.16 2208.41 -1175.19
199000 190505 951.437 730228 -129412 55991.2 1863.93 2165.52 -1175.15
200000 191505 961.503 730228 -129240 56012.1 1859.72 2131.94 -1107.14
201000 192505 969.092 730228 -129293 55916.4 1852.84 2178.05 -1123.61
202000 193505 1078.22 730228 -129141 55980.9 2009.75 2276.94 -1052.02
203000 194505 1010.36 730228 -129264 55976.2 1931.42 2203.51 -1103.84
204000 195505 1068.4 730228 -129340 55950.5 1946.33 2259.09 -1000.23
205000 196505 1086.68 730228 -129380 56004.7 1933 2339.04 -1012.01
206000 197505 1071.28 730228 -129441 55931.1 1963.9 2295.55 -1045.61
207000 198505 1081.29 730228 -129436 55997.6 1947.36 2310 -1013.49
208000 199505 1028.52 730228 -129374 55942 1945.99 2207.91 -1068.35
209000 200758 1086.22 730228 -128881 55974.3 1976.01 2232.53 -949.88
210000 202258 1027.77 730228 -128993 55940.1 1898.08 2210.31 -1025.08
211000 203758 1050.64 730228 -128745 56005.4 2019.63 2201.09 -1068.79
212000 205258 1020.48 730228 -128793 55940.9 1975.68 2186.93 -1101.17
213000 206758 1063.71 730228 -128735 56037.6 1938.02 2209.3 -956.199
214000 208258 1050.32 730228 -128776 55989.9 1938.31 2206.77 -994.128
215000 209758 1108.25 730228 -128710 56042.9 1993.16 2311.73 -980.123
216000 211258 1086.15 730228 -128710 56018.8 1954.47 2299.64 -995.672
217000 212758 1060.23 730228 -128931 55941.5 1908.54 2262.11 -989.964
218000 214258 1065.79 730228 -128822 55966.4 1856.5 2261.57 -920.693
219000 215758 1002.82 730228 -128869 56037.5 1863.87 2154.57 -1009.99
220000 217258 999.457 730228 -128955 55962.7 1827.58 2220.46 -1049.67
221000 218758 1065.2 730228 -129018 55928.9 1966.5 2208.31 -979.216
222000 220258 1048.03 730228 -128834 56043.8 1923.32 2253.91 -1033.13
223000 221758 1067.04 730228 -129018 55970.6 1951.21 2221.81 -971.897
224000 223258 1023.97 730228 -129071 55972 1923.15 2213.82 -1065.07
225000 224758 1081.34 730228 -129072 56014.3 1950.95 2305.01 -1011.94
226000 226258 1051.61 730228 -128980 56034.2 1918.44 2249.23 -1012.84
227000 227758 1023.84 730228 -128862 56053.4 1900.64 2220.04 -1049.16
228000 229258 1035.89 730228 -128981 55970 2012.2 2183.52 -1088.06
229000 230758 1052.96 730228 -128831 56060.3 1946.49 2179.65 -967.25
230000 232258 1036.43 730228 -128908 55943.9 1935.17 2220.85 -1046.72
231000 233758 1027.62 730228 -128958 56063.3 1914.75 2256.51 -1088.4
232000 235258 1074.03 730228 -129109 55969.8 1992.52 2221.58 -992.002
233000 236758 1023.23 730228 -129043 56018.3 1980.63 2195.32 -1106.27
234000 238258 1035.79 730228 -129015 56030.6 2033.71 2177.51 -1103.86
235000 239758 1061.96 730228 -129059 55969.7 2044.68 2225.34 -1084.14
236000 241258 1081.02 730228 -129095 55948.7 1978.07 2295.98 -1030.99
237000 242758 1024.7 730228 -128962 56018.8 1977.64 2215.01 -1118.57
238000 244258 1105.96 730228 -129087 56027.9 1989.15 2330.66 -1001.93
239000 245758 1055.21 730228 -129080 56080.5 1972.31 2288.54 -1095.22
240000 247258 1012.2 730228 -129138 56024.4 1907.94 2224.53 -1095.87
241000 248758 1027.85 730228 -129198 56030.7 1963.16 2224.29 -1103.88
242000 250258 1061.52 730228 -129196 55985.6 1987.93 2238.31 -1041.67
243000 251758 995.788 730228 -129402 55931.8 1921.99 2184.25 -1118.87
244000 253258 1042.76 730228 -129258 56047.2 1966.48 2227.4 -1065.59
245000 254758 1031.77 730228 -129135 56008.6 1942.37 2244.74 -1091.81
246000 256258 1022.51 730228 -129012 56017.7 1934.94 2214.27 -1081.67
247000 257758 1092.41 730228 -128993 55944.9 1974 2304.09 -1000.85
248000 259258 1125.13 730228 -129079 56015 2057.93 2296.37 -978.898
249000 260758 1097.35 730228 -129087 55961.4 1978.99 2268.11 -955.054
250000 262258 991.338 730228 -129113 55963.9 1908.36 2165.78 -1100.13
251000 263758 991.735 730228 -129043 56041.3 1928.98 2196.04 -1149.81
252000 265258 1033.67 730228 -129118 55952.7 1949.47 2230.95 -1079.41
253000 266758 1053.59 730228 -129252 56025.8 1974.17 2230.12 -1043.52
254000 268258 1012.05 730228 -129179 56000.3 1880.74 2233.57 -1078.17
255000 269758 1054.61 730228 -129096 56026.7 1944.12 2231 -1011.3
256000 271258 1032.84 730228 -129161 56000.2 1939.42 2197.1 -1038
257000 272758 1035.77 730228 -129172 55924.4 1979.09 2167.31 -1039.09
258000 274258 1022.43 730228 -129086 56040 1989.13 2141.4 -1063.25
259000 275758 1043.54 730228 -129306 55957.4 1960.06 2226.17 -1055.6
260000 277258 1027.38 730228 -129121 56086.3 1949.49 2215.94 -1083.29
261000 278758 952.89 730228 -129168 56001 1882.54 2134.23 -1158.1
262000 280258 1023.43 730228 -129152 56061.6 1941.41 2231.42 -1102.54
263000 281758 989.662 730228 -129130 56066.8 1821.44 2245.36 -1097.81
264000 283258 993.366 730228 -129163 56055.1 1868.96 2264.71 -1153.57
265000 284758 1037.54 730228 -129113 56078.3 1933.12 2277.26 -1097.78
266000 286258 1057.93 730228 -129271 56056.3 1954.11 2276.86 -1057.18
267000 287758 975.364 730228 -129278 56003.4 1863.32 2166.32 -1103.55
268000 289258 1054.28 730228 -129307 56004.6 1942.64 2244.2 -1024
269000 290758 1019.89 730228 -129323 56012.9 1905.46 2177.72 -1023.49
270000 292258 1028.41 730228 -129240 56007.3 1905.5 2225.53 -1045.79
271000 293758 1019.32 730228 -129273 56030.7 1959.94 2231.73 -1133.69
272000 295258 999.803 730228 -129409 55951.4 1921.51 2150.37 -1072.47
273000 296758 987.023 730228 -129430 55968.3 1976.21 2125.3 -1140.44
274000 298258 1001.17 730228 -129481 55972.4 1934.39 2190.21 -1121.1
275000 299758 954.534 730228 -129301 56031.1 1918.29 2129.98 -1184.67
276000 301258 1040.03 730228 -129271 56037.9 2060 2208.5 -1148.39
277000 302758 996.388 730228 -129284 56073.5 2015.01 2202.1 -1227.94
278000 304258 1002.58 730228 -129338 56014 1972.46 2253.65 -1218.38
279000 305758 964.223 730228 -129209 56084.1 1929.8 2160.91 -1198.04
280000 307258 997.699 730228 -129354 55979.6 1865.87 2216.39 -1089.16
281000 308758 1044.42 730228 -129297 56009.2 1924.8 2257.5 -1049.03
282000 310258 981.928 730228 -129427 56047.5 1929.81 2133.77 -1117.79
283000 311758 979.703 730228 -129384 55938.1 1931.85 2147.8 -1140.55
284000 313258 1021.53 730228 -129402 56037.6 1955.68 2195.41 -1086.51
285000 314758 1026.08 730228 -129265 56020.7 1964.13 2195.09 -1080.99
286000 316258 999.61 730228 -129337 55961.8 2002.89 2135.64 -1139.7
287000 317758 1000.73 730228 -129456 55963 1980.01 2172.9 -1150.72
288000 319258 950.133 730228 -129244 56025.9 1917.25 2108.43 -1175.29
289000 320758 969.714 730228 -129274 56035.4 1957.98 2161.7 -1210.54
290000 322258 971.029 730228 -129452 55977 1909.38 2189.97 -1186.27
291000 323758 977.533 730228 -129458 55949.5 1922.36 2174.77 -1164.53
292000 325258 974.149 730228 -129349 56037.4 1926.53 2135.26 -1139.34
293000 326758 942.032 730228 -129394 55941.1 1897.7 2102.03 -1173.63
294000 328258 964.97 730228 -129346 55993.2 1922.19 2130.65 -1157.93
295000 329758 939.561 730228 -129398 55926.7 1952.99 2086.01 -1220.31
296000 331258 908.571 730228 -129427 55934.4 1867.22 2089.03 -1230.54
297000 332758 973.819 730228 -129483 56021.9 1966.02 2113.8 -1158.36
298000 334258 1019.88 730228 -129391 56010.5 2012.25 2181.5 -1134.1
299000 335758 1014.6 730228 -129420 56056.4 1954.85 2197.66 -1108.7
300000 337258 1007.11 730228 -129507 55971.5 1860.53 2258.21 -1097.42
301000 338758 994.594 730228 -129495 56063.9 1938.76 2158.14 -1113.11
302000 340258 967.498 730228 -129488 56012.2 1815.6 2210.6 -1123.7
303000 341758 1051.3 730228 -129397 56050.1 1954.65 2250.81 -1051.57
304000 343258 1041.1 730228 -129396 56035.8 1882.82 2271.39 -1030.92
305000 344758 932.315 730228 -129543 55946.6 1865.49 2164.95 -1233.49
306000 346258 963.412 730228 -129609 55986.5 1865.73 2179.93 -1155.43
307000 347758 903.868 730228 -129579 56007 1834.14 2129.09 -1251.63
308000 349258 1021.39 730228 -129480 56072.2 1904.82 2231.66 -1072.32
309000 350758 972.756 730228 -129607 55974.1 1886.58 2185.29 -1153.6
310000 352258 922.289 730228 -129509 56006.6 1788.03 2123.01 -1144.18
311000 353758 938.159 730228 -129513 56017.7 1859.09 2114.96 -1159.57
312000 355258 1017.98 730228 -129497 56030.6 1933.47 2240.53 -1120.06
313000 356758 964.487 730228 -129532 55971.2 1833 2225.83 -1165.37
314000 358258 1004.29 730228 -129486 56042.3 1932.69 2243.87 -1163.7
315000 359758 1003.47 730228 -129579 55995.7 1954.24 2228.1 -1171.94
316000 361258 980.126 730228 -129516 56010.3 1897.65 2156.88 -1114.15
317000 362758 991.344 730228 -129566 56031.6 1852.87 2177.76 -1056.6
318000 364258 985.011 730228 -129538 55970 1920.57 2175.91 -1141.44
319000 365758 936.534 730228 -129765 55958 1900.56 2096.87 -1187.83
320000 367258 1057.82 730228 -129690 56012.6 1925.85 2269.04 -1021.43
321000 368758 1016.66 730228 -129513 56076.3 1898.1 2192.6 -1040.73
322000 370258 1018.56 730228 -129492 56019.5 1876.5 2197.51 -1018.33
323000 371758 1018.43 730228 -129712 55921 1924.17 2182.42 -1051.32
324000 373258 973.461 730228 -129627 55961.7 1863.44 2117.4 -1060.46
325000 374758 967.972 730228 -129570 56061.8 1885.64 2158.64 -1140.36
326000 376258 1001.38 730228 -129678 56060.5 1870.19 2228.66 -1094.71
327000 377758 1018.01 730228 -129694 56034.1 1929.36 2218 -1093.32
328000 379258 1028.95 730228 -129651 56005.8 1942.94 2219.21 -1075.28
329000 380758 976.89 730228 -129685 55965.4 1873.83 2143.21 -1086.37
330000 382258 1015.12 730228 -129587 56056 1938.67 2200.29 -1093.59
331000 383758 957.84 730228 -129558 56009.4 1910.84 2113.59 -1150.91
332000 385258 970.924 730228 -129617 56004.2 1880.11 2111.43 -1078.77
333000 386758 946.19 730228 -129709 55981.5 1883.64 2131.8 -1176.87
334000 388258 1001.55 730228 -129727 56036 1911.48 2160.43 -1067.27
335000 389758 1022.7 730228 -129507 56040.6 1964.9 2179.39 -1076.19
336000 391258 1067 730228 -129536 56073.8 1944.18 2246.45 -989.619
337000 392758 1032.02 730228 -129620 55998.7 1944.27 2184.78 -1033
338000 394258 1066.95 730228 -129727 55951.3 1945.6 2228.94 -973.691
339000 395758 992.671 730228 -129671 55971.3 1899.86 2111.95 -1033.8
340000 397258 1010.23 730228 -129533 56090.6 1881.03 2176.04 -1026.39
341000 398758 970.622 730228 -129696 56015.8 1798.81 2109.48 -996.42
342000 400258 932.054 730228 -129749 56007 1851.93 2014.11 -1069.88
343000 401758 963.462 730228 -129564 56061.5 1888.43 2077.03 -1075.07
344000 403258 1010.17 730228 -129553 56026.2 1901.57 2140.26 -1011.31
345000 404758 983.498 730228 -129500 56045.2 1884.92 2075.85 -1010.27
346000 406258 979.934 730228 -129679 56001.3 1861.09 2089.09 -1010.38
347000 407758 1028.09 730228 -129588 56074.6 1920.03 2129.08 -964.834
348000 409258 1048.9 730228 -129656 56021.8 1945.86 2165.45 -964.626
349000 410758 1059.55 730228 -129735 55982 1929.34 2185.63 -936.32
350000 412258 1001.46 730228 -129722 55959.7 1848.04 2148.66 -992.317
351000 413758 938.522 730228 -129650 56059.8 1843.12 2072.36 -1099.91
352000 415258 993.572 730228 -129590 56076.5 1829.52 2139.96 -988.765
353000 416758 976.143 730228 -129637 56049.9 1830.93 2174.23 -1076.73
354000 418258 1007.76 730228 -129814 56057.2 1880.69 2144.26 -1001.66
355000 419758 1046.33 730228 -129796 56013.9 1959.44 2128.67 -949.131
356000 421258 935.294 730228 -129765 55981.7 1824.54 2048.22 -1066.87
357000 422758 932.185 730228 -129932 56005.2 1801.94 2072.66 -1078.05
358000 424258 990.065 730228 -129923 55987.3 1921.72 2095.71 -1047.24
359000 425758 939.185 730228 -129879 56046.3 1823.22 2087.28 -1092.94
360000 427258 921.328 730228 -129991 55971.5 1819.03 2049.16 -1104.21
361000 428758 914.399 730228 -129836 56044.9 1826.48 2004.45 -1087.73
362000 430258 907.904 730228 -129872 56015 1879.72 1976.22 -1132.24
363000 431758 966.06 730228 -129807 55940.8 1940.3 2000 -1042.12
364000 433258 978.478 730228 -129651 55994.8 1923.74 2005.92 -994.23
365000 434758 964.509 730228 -129840 56025.3 1919.62 1970.86 -996.949
366000 436258 978.558 730228 -129881 56010.4 1852.86 2113.62 -1030.81
367000 437758 1003 730228 -129687 56041.7 1913.26 2083.69 -987.943
368000 439258 953.648 730228 -129743 56045.7 1819.9 2101.98 -1060.94
369000 440758 872.005 730228 -129802 56000.8 1766.1 1966.19 -1116.28
370000 442258 914.642 730228 -129665 56001.2 1781.26 2045.6 -1082.93
371000 443758 974.506 730228 -129572 56038 1869.38 2084.82 -1030.68
372000 445258 1014.43 730228 -129757 56018.2 1888.14 2144.98 -989.833
373000 446758 979.047 730228 -129829 56045.5 1870.89 2056.37 -990.123
374000 448258 980.121 730228 -129870 56030.9 1893.22 2066.63 -1019.48
375000 449758 954.688 730228 -129902 56009.7 1886.09 2016.38 -1038.4
376000 451258 935.191 730228 -129832 56022.7 1839.33 2042.59 -1076.34
377000 452758 960.124 730228 -129937 56031.5 1860.65 2104.69 -1084.97
378000 454258 959.381 730228 -129757 55961.6 1860.25 2104.38 -1086.49
379000 455758 937.415 730228 -129672 56063.5 1882.52 2033.76 -1104.03
380000 457258 863.547 730228 -129933 56002.9 1730.01 2055.18 -1194.55
381000 458758 868.376 730228 -129788 56045.6 1763.05 2051.13 -1209.05
382000 460258 887.987 730228 -129904 55973.7 1793.17 2043.25 -1172.47
383000 461758 921.219 730228 -129948 55994.4 1856.63 2068.11 -1161.08
384000 463258 919.082 730228 -129868 55952.7 1790.89 2081.4 -1115.04
385000 464758 982.078 730228 -129969 56024.5 1926.11 2106.77 -1086.65
386000 466258 975.333 730228 -129963 56004 1850.31 2132.63 -1056.94
387000 467758 944.14 730228 -129840 55971.3 1812.84 2111.44 -1091.86
388000 469258 936.503 730228 -129903 55969 1834.99 2100.85 -1126.33
389000 470758 969.273 730228 -129830 55929 1883.68 2121.75 -1097.61
390000 472258 938.429 730228 -129800 55939.1 1888.47 2025.16 -1098.34
391000 473758 973.351 730228 -129935 55995.8 1882 2098.67 -1060.61
392000 475258 937.301 730228 -129903 55945.7 1869.99 2031.25 -1089.33
393000 476758 947.256 730228 -129689 56058.9 1816.31 2110.35 -1084.9
394000 478258 960.478 730228 -129869 56036.7 1845.01 2102.59 -1066.16
395000 479758 922.949 730228 -129884 56058 1810.03 2094.32 -1135.5
396000 481258 912.996 730228 -129910 56028.7 1835.26 2073.9 -1170.17
397000 482758 888.413 730228 -129856 55978 1767.81 2035.78 -1138.35
398000 484258 882.087 730228 -129800 56014.2 1750.66 2032.71 -1137.1
399000 485758 959.702 730228 -129778 56049.7 1818.44 2109.26 -1048.6
400000 487258 884.299 730228 -129874 56033 1762.82 1999.95 -1109.87
401000 488758 908.403 730228 -129990 55985.3 1776.24 2017.88 -1068.9
402000 490258 896.939 730228 -130105 55927.9 1803.26 1995.77 -1108.22
403000 491758 951.964 730228 -130080 56012.9 1892.47 2023.37 -1059.95
404000 493258 883.014 730228 -130004 55961.9 1790.2 2062.17 -1203.32
405000 494758 964.642 730228 -129939 55988.7 1901.92 2121.67 -1129.66
406000 496258 953.094 730228 -129908 55949.3 1887.36 2107.78 -1135.86
407000 497758 990.643 730228 -129927 55986.5 1891.46 2141.75 -1061.28
408000 499258 889.683 730228 -129905 55975.1 1779.78 2017.97 -1128.7
409000 500758 919.491 730228 -130060 55931.1 1836.78 2100.68 -1178.99
410000 502258 955.717 730228 -129906 56038 1888.12 2122.77 -1143.74
411000 503758 969.636 730228 -129855 56051.3 1926.87 2123.85 -1141.81
412000 505258 936.335 730228 -129918 56013.3 1850.17 2074.15 -1115.31
413000 506758 926.101 730228 -129930 56063 1809.85 2108.54 -1140.08
414000 508258 1014.8 730228 -130055 55993 1902.96 2158.7 -1017.25
415000 509758 1056.77 730228 -129987 56040.6 1935.85 2177.47 -943.003
416000 511258 987.277 730228 -129957 55989.2 1858.24 2081.75 -978.153
417000 512758 952.909 730228 -129949 56009.1 1854.39 2029.47 -1025.13
418000 514258 966.298 730228 -130065 55936.9 1909.29 2034.19 -1044.59
419000 515758 931.28 730228 -130077 55994.2 1830.62 2010.35 -1047.13
420000 517258 950.841 730228 -130241 55953.3 1888.03 2038.38 -1073.89
421000 518758 897.749 730228 -130140 55943.2 1823.94 2005.05 -1135.74
422000 520258 939.448 730228 -130249 55981.3 1834.18 2086.69 -1102.52
423000 521758 922.308 730228 -130276 55968.8 1808 2054.41 -1095.49
424000 523258 941.849 730228 -130303 55960.3 1865.61 2023.94 -1064.01
425000 524758 915.732 730228 -130127 55997.7 1810.5 1992.74 -1056.05
426000 526258 986.067 730228 -130222 55982.1 1945.81 2053.28 -1040.9
427000 527758 927.454 730228 -130141 55999.7 1863.87 1992.11 -1073.62
428000 529258 953.416 730228 -130197 56058.9 1889.84 2085.86 -1115.45
429000 530758 924.507 730228 -130106 55994.2 1816.76 2105.29 -1148.53
430000 532258 925.899 730228 -130044 55978 1887.28 2057.99 -1167.58
431000 533758 901.352 730228 -130089 55971.4 1828.36 2033.28 -1157.58
432000 535258 939.409 730228 -130034 56041.8 1845.71 2078.75 -1106.23
433000 536758 958.518 730228 -130210 55932.5 1872.6 2046.8 -1043.85
434000 538258 970.103 730228 -130097 56056.9 1927.67 2051.23 -1068.59
435000 539758 976.035 730228 -130069 56060 1934.68 2041.57 -1048.15
436000 541258 950.349 730228 -130211 55991.6 1862.3 2083.04 -1094.29
437000 542758 957.229 730228 -130247 56004.2 1870.52 2077.01 -1075.85
438000 544258 956.309 730228 -130306 55991.3 1882.12 2095.39 -1108.58
439000 545758 924.227 730228 -130110 55977.2 1807.21 2079.39 -1113.92
440000 547258 876.116 730228 -129950 56002.6 1780.81 1957.95 -1110.41
441000 548758 973.46 730228 -130044 56075 1823.28 2017.5 -920.402
442000 550258 929.267 730228 -130120 55973.1 1793.82 2048.75 -1054.78
443000 551758 906.986 730228 -130056 56025.6 1826.37 2058 -1163.4
444000 553258 935.238 730228 -130180 55937.8 1836.64 2045.66 -1076.58
445000 554758 974.092 730228 -130145 56001.5 1907.95 2042.7 -1028.38
446000 556258 979.947 730228 -130040 56025.8 1890.56 2075.01 -1025.73
447000 557758 976.53 730228 -130173 55947.3 1850.92 2100.29 -1021.62
448000 559258 965.238 730228 -130073 56018.5 1850.71 2122.84 -1077.83
449000 560758 961.893 730228 -130164 55977.4 1872.86 2056.85 -1044.03
450000 562258 939.088 730228 -130033 56017.1 1833.06 2030.29 -1046.09
451000 563758 967.163 730228 -130084 56058.4 1785.5 2097.22 -981.241
452000 565258 964.375 730228 -130258 55978.5 1820.05 2126.26 -1053.18
453000 566758 945.59 730228 -130195 56000.7 1847.9 2063.23 -1074.36
454000 568258 966.478 730228 -129997 56056.7 1900.65 2078.42 -1079.64
455000 569758 899.054 730228 -130080 56087.2 1766.72 2065.45 -1135.01
456000 571258 990.912 730228 -130227 56047.6 1900.34 2111.86 -1039.46
457000 572758 953.781 730228 -130061 56102.2 1834.63 2052.76 -1026.05
458000 574258 982.76 730228 -130066 56052.5 1861.35 2107.94 -1021.01
459000 575758 962.416 730228 -130140 55996 1849.29 2036.49 -998.534
460000 577258 967.858 730228 -130116 56003.5 1858.1 2088.63 -1043.16
461000 578758 1021.54 730228 -130186 56059.2 1879.16 2162.14 -976.692
462000 580258 995.774 730228 -130165 55991.6 1885.75 2123.35 -1021.77
463000 581758 995.539 730228 -130173 55955.6 1842.03 2083.9 -939.32
464000 583258 1013.55 730228 -130157 56036.7 1828.46 2144.21 -932.031
465000 584758 1029.96 730228 -130248 55986.6 1922.23 2112.49 -944.85
466000 586258 936.119 730228 -130191 55960.3 1793.55 2042.36 -1027.55
467000 587758 977.467 730228 -130250 56017.4 1828.36 2118.33 -1014.28
468000 589258 968.124 730228 -130165 56055.6 1887.36 2039.84 -1022.83
469000 590758 990.233 730228 -130257 56005.4 1832.77 2121.03 -983.105
470000 592258 991.036 730228 -130231 55981 1912.27 2069.7 -1008.87
471000 593758 961.006 730228 -130066 56075.8 1855.74 2028.5 -1001.22
472000 595258 1002.26 730228 -129923 56082.2 1875.82 2116.11 -985.161
473000 596758 946.813 730228 -130109 56029.3 1837.7 1994.56 -991.816
474000 598258 927.895 730228 -130019 56030 1832.95 2012.31 -1061.57
475000 599758 957.415 730228 -130053 56060.7 1808.44 2087.59 -1023.79
476000 601258 1027.83 730228 -130129 55964.9 1852.51 2152.74 -921.759
477000 602758 997.101 730228 -130197 55957.4 1861.25 2114.38 -984.332
478000 604258 988.014 730228 -130141 56022.8 1807.05 2109.08 -952.083
479000 605758 987.841 730228 -130216 56050.5 1794.85 2135.85 -967.171
480000 607258 939.063 730228 -130224 56081.8 1805.65 2062.04 -1050.5
481000 608758 982.394 730228 -130289 55967 1882.65 2109.61 -1045.09
482000 610258 926.708 730228 -130203 56012.4 1813.15 2057.37 -1090.39
483000 611758 930.896 730228 -130061 56021.5 1795.78 2069.54 -1072.63
484000 613258 980.771 730228 -130179 56055 1804.85 2121.94 -984.479
485000 614758 954.438 730228 -130110 55999.3 1793.49 2051.32 -981.496
486000 616258 963.26 730228 -130201 55974.6 1833.58 2083.38 -1027.17
487000 617758 961.645 730228 -130212 55965.4 1846.91 2058.59 -1020.57
488000 619258 931.849 730228 -130348 56000 1813.29 2070.12 -1087.86
489000 620758 911.459 730228 -130210 56065.3 1750.51 2080.19 -1096.32
490000 622258 855.344 730228 -130341 55984.3 1749.56 1967.65 -1151.18
491000 623758 910.333 730228 -130156 56080.8 1800.44 2007.48 -1076.92
492000 625258 952.078 730228 -130256 56003.5 1852.44 2033.83 -1030.03
493000 626758 940.112 730228 -130230 56082.6 1846.61 2007.24 -1033.51
494000 628258 955.927 730228 -130284 55977.2 1884.85 2022.26 -1039.33
495000 629758 959.728 730228 -130187 56082.6 1850.84 2036.37 -1008.03
496000 631258 961.566 730228 -130231 55949.6 1860.25 2029.67 -1005.22
497000 632758 901.968 730228 -130051 56025.5 1802.6 1978.66 -1075.35
498000 634258 1007.53 730228 -130136 55965.1 1893.94 2055.76 -927.096
499000 635758 960.943 730228 -130153 56012.1 1873.73 2033.96 -1024.86
500000 637258 905.805 730228 -130396 55948.4 1839.37 1957.9 -1079.86
501000 638758 968.955 730228 -130342 55993.8 1869.03 2062.32 -1024.49
502000 640258 956.593 730228 -130251 56003 1844.24 2078.94 -1053.4
503000 641758 973.599 730228 -130306 55987 1867.2 2058.89 -1005.29
504000 643258 900.813 730228 -130157 56023.9 1810.25 1965.18 -1072.99
505000 644758 912.462 730228 -130186 55963 1733.66 2011.75 -1008.03
506000 646258 950.943 730228 -130292 56006.7 1813.31 2051.4 -1011.88
507000 647758 971.608 730228 -130299 55974.6 1812.79 2076.84 -974.809
508000 649258 992.672 730228 -130267 55999 1858.74 2065.36 -946.087
509000 650758 943.484 730228 -130142 55941.6 1848.64 2054.49 -1072.69
510000 652258 936.653 730228 -130279 55941.9 1847.73 2008.83 -1046.61
511000 653758 976.146 730228 -130217 56045.7 1847.96 2101.87 -1021.39
512000 655258 966.343 730228 -130157 56035.6 1876.72 1989.25 -966.943
513000 656758 945.343 730228 -130201 55941.9 1840.72 2063.42 -1068.11
514000 658258 940.284 730228 -130135 56024.2 1779.43 2108.98 -1067.55
515000 659758 952.576 730228 -130110 56087.4 1850.17 2021.67 -1014.11
516000 661258 1006.08 730228 -130240 56047.1 1875.27 2069.87 -926.904
517000 662758 964.683 730228 -130247 56007.7 1800.71 2067.33 -973.992
518000 664258 1051.6 730228 -130316 56010.8 1914.87 2121.03 -881.098
519000 665758 1003.1 730228 -130325 56038 1896.7 2068.27 -955.664
520000 667258 982.57 730228 -130407 56030.2 1858.95 2053.77 -965.015
521000 668758 980.843 730228 -130342 55998.9 1853.19 2062.37 -973.038
522000 670258 1001.66 730228 -130428 55917.4 1881.39 2101.33 -977.729
523000 671758 961.717 730228 -130383 56008.4 1863.65 2105.67 -1084.17
524000 673258 878.357 730228 -130309 56028.9 1784.22 1991.65 -1140.8
525000 674758 915.551 730228 -130385 55986.9 1790.52 2081.31 -1125.18
526000 676258 908.395 730228 -130269 56079.6 1726.91 2043.34 -1045.07
527000 677758 945.693 730228 -130275 56017 1817.41 2044.15 -1024.49
528000 679258 953.852 730228 -130353 56038.1 1837.54 2084.38 -1060.37
529000 680758 977.79 730228 -130264 56081.2 1878.69 2039.57 -984.896
530000 682258 994.069 730228 -130159 55985.8 1857.57 2100.36 -975.731
531000 683758 920.665 730228 -130306 55984.6 1824.85 2001.39 -1064.25
532000 685258 953.951 730228 -130525 55940 1845.22 2051.04 -1034.4
533000 686758 968.623 730228 -130471 55996.8 1891.36 2049.5 -1034.99
534000 688258 980.622 730228 -130479 56002.2 1881.04 2099.3 -1038.47
535000 689758 908.193 730228 -130401 56008.1 1875.71 1938.94 -1090.07
536000 691258 922.077 730228 -130409 55964.6 1842.17 1973.41 -1049.35
537000 692758 972.631 730228 -130468 55979.9 1910.96 2027.62 -1020.69
538000 694258 884.559 730228 -130510 56005.5 1764.47 2013.25 -1124.03
539000 695758 909.202 730228 -130451 56056.1 1769.59 2042.35 -1084.33
540000 697258 978.16 730228 -130650 56009.4 1909.78 2063.48 -1038.78
541000 698758 958.978 730228 -130581 55949.8 1805.88 2128.53 -1057.47
542000 700258 909.48 730228 -130505 56065.4 1829.67 1984.61 -1085.85
543000 701758 990.894 730228 -130467 56023.7 1846.69 2100.91 -974.912
544000 703258 930.88 730228 -130384 56030.6 1837.51 2021.44 -1066.31
545000 704758 923.724 730228 -130506 56043.3 1750.35 2044.91 -1024.08
546000 706258 923.299 730228 -130526 56035 1771.62 2026.26 -1027.99
547000 707758 921.741 730228 -130449 56018 1763.68 2031.24 -1029.7
548000 709258 864.548 730228 -130648 55991.5 1747.02 1967.35 -1120.72
549000 710758 900.016 730228 -130676 55966 1782.16 2057.03 -1139.14
550000 712258 869.381 730228 -130484 56063.6 1787.51 1976.04 -1155.41
551000 713758 909.265 730228 -130451 56066 1858.05 1976.62 -1106.88
552000 715258 863.406 730228 -130598 56021.6 1715.28 2020.53 -1145.59
553000 716758 857.559 730228 -130520 55949.6 1787.05 1955.21 -1169.58
554000 718258 823.313 730228 -130558 55910 1769.09 1965.65 -1264.8
555000 719758 914.951 730228 -130566 56040.4 1782.71 2065.83 -1103.69
556000 721258 936.357 730228 -130741 55949 1834.74 2046.35 -1072.02
557000 722758 922.421 730228 -130640 55955.3 1816.86 2101.46 -1151.06
558000 724258 912.235 730228 -130588 56025.6 1795.93 2045.87 -1105.09
559000 725758 911.002 730228 -130655 56004.7 1824.53 2011.28 -1102.81
560000 727258 840.986 730228 -130488 55982 1758.52 1937.47 -1173.03
561000 728758 885.48 730228 -130523 56028.4 1789.46 2031.08 -1164.1
562000 730258 887.702 730228 -130526 56049.5 1759.17 2009.65 -1105.72
563000 731758 873.255 730228 -130493 55965.3 1784.93 2032.42 -1197.59
564000 733258 886.042 730228 -130515 56019.6 1761.23 2048.41 -1151.52
565000 734758 892.384 730228 -130469 56026.1 1769.61 2032.97 -1125.43
566000 736258 932.937 730228 -130379 56064.3 1801.3 2075.3 -1077.79
567000 737758 890.535 730228 -130427 56039.3 1783.92 2084.37 -1196.69
568000 739258 897.889 730228 -130347 56024 1742.35 2080.07 -1128.75
569000 740758 931.053 730228 -130479 56024 1767.32 2143.7 -1117.86
570000 742258 890.452 730228 -130413 56029.1 1871.27 1985.75 -1185.66
571000 743758 898.196 730228 -130537 56045.6 1802.57 1994.41 -1102.4
572000 745258 857.622 730228 -130447 55997.6 1748.56 2016.81 -1192.5
573000 746758 838.661 730228 -130455 56087.7 1725.31 2041.63 -1250.96
574000 748258 840.383 730228 -130428 56055.5 1778.7 1957.69 -1215.25
575000 749758 852.797 730228 -130481 55997.9 1763.71 1965.26 -1170.58
576000 751258 851.834 730228 -130487 56057.1 1716.72 1997.75 -1158.97
577000 752758 900.803 730228 -130499 55974.1 1824.37 2028.86 -1150.83
578000 754258 882.72 730228 -130644 55954.1 1790.75 2031.1 -1173.69
579000 755758 886.758 730228 -130494 56034.6 1805.34 2061.57 -1206.63
580000 757258 836.319 730228 -130543 55994.5 1717.01 2035.28 -1243.33
581000 758758 837.353 730228 -130448 55974.6 1751.01 2027.06 -1266.01
582000 760258 868.138 730228 -130502 55992.7 1797.65 2084.67 -1277.9
583000 761758 814.755 730228 -130505 56013.2 1763.92 1963.64 -1283.29
584000 763258 809.785 730228 -130487 56022.6 1773.99 1979.79 -1324.43
585000 764758 889.324 730228 -130487 56044.2 1784.46 2083.86 -1200.35
586000 766258 875.37 730228 -130660 56020.9 1795.02 1994.59 -1163.5
587000 767758 953.754 730228 -130576 56091.2 1887.13 2045.16 -1071.03
588000 769258 928.992 730228 -130664 56035.7 1867.7 2017.04 -1097.77
589000 770758 871.86 730228 -130611 56058.2 1804.28 1926.98 -1115.68
590000 772258 855.98 730228 -130571 56006.4 1803.26 1981.28 -1216.6
591000 773758 866.466 730228 -130729 56017.9 1785.4 1953.27 -1139.28
592000 775258 915.233 730228 -130766 55935.9 1834.98 2008.28 -1097.57
593000 776758 908.39 730228 -130509 56019.9 1816.3 2044.93 -1136.07
594000 778258 806.476 730228 -130425 56054.9 1726.53 1938.81 -1245.91
595000 779758 845.677 730228 -130537 55973.2 1820.3 1962.29 -1245.56
596000 781258 825.241 730228 -130509 56019 1754.07 1955.29 -1233.64
597000 782758 848.825 730228 -130380 56025.3 1729.82 1995.35 -1178.7
598000 784258 839.36 730228 -130427 55990.7 1739.56 2007.01 -1228.49
599000 785758 819.438 730228 -130483 55929.5 1717.51 2004.03 -1263.23
600000 787258 866.873 730228 -130432 55994.5 1793.29 2026.09 -1218.76
601000 788758 846.334 730228 -130365 56049 1737.61 1967.56 -1166.17
602000 790258 815.325 730228 -130420 56003.9 1751.94 1945.91 -1251.88
603000 791758 881.606 730228 -130578 55951.9 1800.79 2022.62 -1178.59
604000 793258 886.99 730228 -130478 56005.3 1796.15 2034.19 -1169.37
605000 794758 938.823 730228 -130602 55999.1 1888.48 1979 -1051.01
606000 796258 917.926 730228 -130675 55968.3 1806.91 2054.04 -1107.17
607000 797758 874.181 730228 -130656 55934.8 1783.54 1988.99 -1149.98
608000 799258 866.069 730228 -130529 56026.9 1806.93 1954.53 -1163.25
609000 800758 824.514 730228 -130704 55933 1783.09 1904.31 -1213.86
610000 802258 841.855 730228 -130768 55958.6 1803.44 1940.6 -1218.48
611000 803758 865.978 730228 -130675 55976.5 1766.57 2037.92 -1206.55
612000 805258 892.34 730228 -130570 56045 1780.47 2077 -1180.45
613000 806758 892.406 730228 -130728 56009.6 1781.38 2011.77 -1115.93
614000 808258 892.424 730228 -130833 55990.6 1807.13 2055.57 -1185.42
615000 809758 892.389 730228 -130795 55992.9 1834.32 1997.55 -1154.71
616000 811258 923.808 730228 -130654 55942.7 1838.45 2006.65 -1073.67
617000 812758 878.557 730228 -130541 56066.7 1772.97 2044.6 -1181.9
618000 814258 913.318 730228 -130434 56056.7 1797.76 2038.04 -1095.85
619000 815758 867.571 730228 -130487 56027.6 1794.87 1980.5 -1172.66
620000 817258 845.151 730228 -130604 55976.6 1776.2 1921.07 -1161.81
621000 818758 897.73 730228 -130760 55976.8 1857.41 1956.17 -1120.39
622000 820258 812.346 730228 -130668 55985.8 1736.27 1926.86 -1226.09
623000 821758 866.327 730228 -130675 56013.7 1772.74 2015.17 -1188.93
624000 823258 954.05 730228 -130651 55989.2 1831.55 2149.2 -1118.6
625000 824758 901.128 730228 -130491 56024.3 1804.72 1994.72 -1096.05
626000 826258 913.059 730228 -130576 56058.3 1786.78 2019.38 -1066.99
627000 827758 922.378 730228 -130601 56024.1 1851.06 2006.44 -1090.36
628000 829258 886.403 730228 -130724 56006.6 1774.67 1976.53 -1092
629000 830758 852.879 730228 -130802 55987.8 1741.7 1996.12 -1179.18
630000 832258 899.757 730228 -130790 56018.4 1765.78 2034.79 -1101.3
631000 833758 899.822 730228 -130769 55990.3 1794.76 2047 -1142.29
632000 835258 880.968 730228 -130697 56013.8 1761.9 2032.87 -1151.86
633000 836758 920.306 730228 -130694 56063.6 1813.4 2069.32 -1121.8
634000 838258 852.157 730228 -130826 55958.5 1779.05 1965.82 -1188.4
635000 839758 926.276 730228 -130730 56024.5 1804.07 2063.36 -1088.6
636000 841258 881.94 730228 -130769 55992.1 1763.01 2029.68 -1146.86
637000 842758 871.154 730228 -130746 55940.9 1763.52 2056.35 -1206.4
638000 844258 992.937 730228 -130524 56056.1 1934.04 2116.42 -1071.65
639000 845758 949.305 730228 -130489 56017.3 1872.45 2080.85 -1105.38
640000 847258 898.244 730228 -130663 55930 1773.59 2072.18 -1151.03
641000 848758 951.211 730228 -130536 55976.4 1876.34 2084.54 -1107.24
642000 850258 966.192 730228 -130608 56041.3 1896.55 2079.87 -1077.84
643000 851758 928.192 730228 -130578 56047.8 1877.61 1978.64 -1071.67
644000 853258 902.119 730228 -130615 56067.3 1849.99 1998.25 -1141.88
645000 854758 851.128 730228 -130696 55962.6 1761.81 1957.23 -1165.66
646000 856258 884.483 730228 -130779 56019.6 1811.32 1943.69 -1101.57
647000 857758 924.532 730228 -130635 56052.5 1833.46 2044.68 -1104.54
648000 859258 920.656 730228 -130714 55975.5 1764.05 1978.98 -981.061
649000 860758 891.074 730228 -130700 56011.7 1778.44 1970.43 -1075.65
650000 862258 874.959 730228 -130677 56021.8 1802.03 1945.16 -1122.31
651000 863758 889.729 730228 -130672 55999.6 1852.74 1962.54 -1146.09
652000 865258 888.303 730228 -130689 56044.9 1821.06 1998.24 -1154.39
653000 866758 914.948 730228 -130709 56059.8 1865.66 1981.07 -1101.89
654000 868258 909.97 730228 -130883 56035.6 1854.86 2031.17 -1156.12
655000 869758 916.17 730228 -130757 56069.4 1867.78 1982.96 -1102.24
656000 871258 901.186 730228 -130811 56000.5 1868.85 1957.92 -1123.21
657000 872758 930.319 730228 -130799 55984.6 1856.27 2029.48 -1094.79
658000 874258 876.244 730228 -130725 56009.9 1804.83 1990.32 -1166.43
659000 875758 940.972 730228 -130760 56035 1859.67 2056.17 -1092.93
660000 877258 888.025 730228 -130754 56038.5 1852.31 1973.2 -1161.44
661000 878758 899.916 730228 -130718 56018.6 1913.87 1987.2 -1201.32
662000 880258 853.224 730228 -130644 56083.1 1798.34 1944.49 -1183.16
663000 881758 870.006 730228 -130850 55953.7 1831.13 1992.69 -1213.8
664000 883258 868.961 730228 -130841 55949.1 1790.29 1991.73 -1175.13
665000 884758 813.218 730228 -130729 55935.3 1779.99 1914.89 -1255.23
666000 886258 879.552 730228 -130607 56039.3 1846.56 1963.3 -1171.2
667000 887758 872.301 730228 -130552 56061.5 1825.49 1922 -1130.58
668000 889258 828.785 730228 -130746 56025 1771.7 1984.96 -1270.31
669000 890758 837.037 730228 -130731 56012.2 1825.04 1884.6 -1198.53
670000 892258 875.246 730228 -130801 55975.4 1764.57 2043.31 -1182.14
671000 893758 932.954 730228 -130672 56091.1 1906.14 2037.18 -1144.46
672000 895258 905.648 730228 -130713 56013.5 1815.96 2021.87 -1120.88
673000 896758 911.304 730228 -130694 55980.2 1858.89 2002.29 -1127.27
674000 898258 845.195 730228 -130813 56022 1750.44 1976.06 -1190.91
675000 899758 861.382 730228 -130779 56007.4 1785.13 1961.65 -1162.63
676000 901258 915.83 730228 -130765 56025.9 1797.61 1974.49 -1024.62
677000 902758 888.455 730228 -130735 56040.8 1784.23 1945.03 -1063.89
678000 904258 890.88 730228 -130767 56079.1 1837.21 1954.72 -1119.29
679000 905758 892.899 730228 -130810 56015.6 1811.07 1976.74 -1109.12
680000 907258 849.764 730228 -130807 56054.6 1831.03 1882.48 -1164.22
681000 908758 856.447 730228 -130928 55948.5 1844.34 1963.98 -1238.97
682000 910258 845.619 730228 -130846 55957.1 1759.23 1939.23 -1161.6
683000 911758 840.018 730228 -130850 55961.9 1757.99 1940.28 -1178.22
684000 913258 805.354 730228 -130877 55980.9 1788.01 1913.67 -1285.62
685000 914758 838.972 730228 -130831 55949.4 1766.99 1923.54 -1173.61
686000 916258 849.118 730228 -130931 55967.7 1787.88 1942.36 -1182.88
687000 917758 906.239 730228 -130843 56025.1 1837.15 1995.58 -1114.01
688000 919258 871.33 730228 -130772 56023.6 1802.22 1969.22 -1157.45
689000 920758 907.736 730228 -130828 56013.4 1862.97 1973 -1112.76
690000 922258 869.771 730228 -130928 56039.2 1779.65 1978.24 -1148.58
691000 923758 836.079 730228 -130996 55999 1762.97 1906.9 -1161.63
692000 925258 850.909 730228 -130766 56062.6 1766.69 1947.69 -1161.66
693000 926758 863.847 730228 -130886 55977.8 1784.29 1980.11 -1172.86
694000 928258 941.936 730228 -130741 56107.5 1876.7 2023.62 -1074.51
695000 929758 914.612 730228 -130781 56065.7 1836.51 2011.9 -1104.57
696000 931258 916.107 730228 -130852 56040.3 1859.87 2005.94 -1117.49
697000 932758 969.615 730228 -131006 55921.4 1959.88 2058.59 -1109.62
698000 934258 843.136 730228 -130957 56020 1740.66 1973.9 -1185.15
699000 935758 884.707 730228 -130998 56027.3 1771.69 2029.57 -1147.14
700000 937258 919.682 730228 -130934 56040 1839.91 2040.72 -1121.59
701000 938758 891.746 730228 -131081 55935.6 1836.82 1987.51 -1149.09
702000 940258 898.447 730228 -131121 55990.7 1781.62 2053.43 -1139.71
703000 941758 898.198 730228 -131093 56003 1850.01 2005.02 -1160.43
704000 943258 889.875 730228 -131066 56009.5 1895.2 1948.15 -1173.72
705000 944758 864.907 730228 -130933 56072.5 1784.63 1928.71 -1118.62
706000 946258 829.099 730228 -130883 55962.4 1714.21 1918.03 -1144.94
707000 947758 893.321 730228 -130815 56011.9 1765.66 1976.65 -1062.35
708000 949258 923.11 730228 -130863 56096.5 1819.85 2016.31 -1066.83
709000 950758 872.498 730228 -131026 55971.5 1742.49 2002.49 -1127.49
710000 952258 861.464 730228 -131074 55936.1 1706.1 1987.54 -1109.25
711000 953758 891.585 730228 -130956 56007 1718.79 2037.54 -1081.58
712000 955258 851.936 730228 -131007 56006.9 1689.56 1988.74 -1122.49
713000 956758 885.408 730228 -130931 56055.1 1729.63 1976.22 -1049.63
714000 958258 898.209 730228 -130903 55987.8 1780 2014.79 -1100.17
715000 959758 911.208 730228 -130908 56062.7 1774.63 2014.38 -1055.38
716000 961258 893.981 730228 -130871 56033.7 1825.49 1978.24 -1121.79
717000 962758 861.689 730228 -130926 56027.9 1766.74 1954.89 -1136.56
718000 964258 831.918 730228 -130982 55971.4 1737.71 1914.22 -1156.18
719000 965758 916.176 730228 -130824 55954.3 1894.04 1954.46 -1099.97
720000 967258 846.446 730228 -130820 55986.9 1747.56 1938.69 -1146.91
721000 968758 895.515 730228 -130842 55966.2 1773.01 2037.43 -1123.9
722000 970258 888.157 730228 -130748 56063.6 1785.77 2005.15 -1126.45
723000 971758 920.333 730228 -130776 55992.7 1794.14 2040.18 -1073.31
724000 973258 877.281 730228 -130984 55927.8 1806.63 2026.3 -1201.08
725000 974758 889.774 730228 -130753 56008 1771.98 2041.36 -1144.01
726000 976258 863.398 730228 -130830 56021.7 1763.2 2029.16 -1202.17
727000 977758 882.982 730228 -130944 56003.7 1848.69 2000.16 -1199.91
728000 979258 880.273 730228 -130838 55956.1 1782.36 2000.01 -1141.55
729000 980758 874.94 730228 -130765 56035.4 1823.75 1978.35 -1177.28
730000 982258 859.759 730228 -130959 55980.5 1793.03 1907.56 -1121.31
731000 983758 903.463 730228 -130900 55992.9 1794.42 1983.94 -1067.97
732000 985258 897.492 730228 -130847 56001 1736.45 2009.7 -1053.67
733000 986758 901.633 730228 -130865 55993.1 1770.27 2002.38 -1067.75
734000 988258 932.366 730228 -131071 55935.1 1809.23 1984.58 -996.713
735000 989758 960.034 730228 -131061 55983.3 1818.45 1989.09 -927.439
736000 991258 910.48 730228 -130944 55999.5 1777.53 2003.07 -1049.16
737000 992758 890.515 730228 -130951 55986.1 1808.89 1959.91 -1097.26
738000 994258 891.518 730228 -130802 56042.3 1794.21 1994.73 -1114.38
739000 995758 971.926 730228 -130844 56099.6 1876.13 2028.56 -988.905
740000 997258 932.116 730228 -130822 56100.3 1833.77 2047.67 -1085.1
741000 998758 939.359 730228 -130999 56012.5 1832.95 2018.31 -1033.18
742000 1.00026e+06 920.285 730228 -130998 55997.4 1798.17 2007.68 -1045
743000 1.00176e+06 901.988 730228 -130791 56069.5 1826.15 1966.24 -1086.43
744000 1.00326e+06 897.645 730228 -131058 55975.9 1799.52 1962.89 -1069.48
745000 1.00476e+06 899.852 730228 -131038 55967.2 1830.36 2003.45 -1134.26
746000 1.00626e+06 901.717 730228 -130935 56046.8 1799.35 1965.76 -1059.96
747000 1.00776e+06 915.549 730228 -130765 56052.2 1831.39 1997.84 -1082.59
748000 1.00926e+06 945.9 730228 -130781 56034 1831.33 2027.77 -1021.4
749000 1.01076e+06 902.375 730228 -130834 56043.9 1774.43 1999.21 -1066.52
750000 1.01226e+06 852.701 730228 -130960 56028.9 1785.85 1903.67 -1131.42
751000 1.01376e+06 976.328 730228 -130814 56062.5 1838.58 2106.91 -1016.5
752000 1.01526e+06 971.885 730228 -130827 56085.8 1818 2080.25 -982.594
753000 1.01676e+06 966.133 730228 -130934 56004.8 1828.75 2078.46 -1008.81
754000 1.01826e+06 940.986 730228 -130902 55988.3 1832.35 2017.1 -1026.49
755000 1.01976e+06 923.908 730228 -130888 55969.5 1838.21 2007.9 -1074.39
756000 1.02126e+06 888.321 730228 -130911 56070.4 1830.59 1964.77 -1130.39
757000 1.02276e+06 879.396 730228 -130891 56067.2 1752.66 1989.27 -1103.74
758000 1.02426e+06 818.843 730228 -130939 55979.5 1678.39 1930.04 -1151.9
759000 1.02576e+06 955.055 730228 -130836 56093 1833.21 1984.24 -952.289
760000 1.02726e+06 981.957 730228 -130793 56083.3 1889.8 2042.97 -986.9
761000 1.02876e+06 917.6 730228 -130849 56020.8 1796.33 1968.23 -1011.76
762000 1.03026e+06 918.934 730228 -130820 56082.7 1845.73 1989 -1077.93
763000 1.03176e+06 853.911 730228 -130830 56041.3 1784.86 1891.33 -1114.46
764000 1.03326e+06 868.768 730228 -130877 56046 1848.97 1853.78 -1096.45
765000 1.03476e+06 904.001 730228 -130890 56014.1 1812.19 1988.85 -1089.03
766000 1.03626e+06 896.088 730228 -130768 56051.6 1798.48 2008.51 -1118.73
767000 1.03776e+06 908.653 730228 -130897 55984.2 1832.59 1979.95 -1086.58
768000 1.03926e+06 859.641 730228 -130987 55983.9 1822.6 1928.32 -1171.99
769000 1.04076e+06 875.96 730228 -130915 56030.6 1873.96 1894.68 -1140.76
770000 1.04226e+06 921.191 730228 -130949 55993.3 1847.75 1995.06 -1079.23
771000 1.04376e+06 959.599 730228 -131145 56016.3 1850.97 2026.15 -998.325
772000 1.04526e+06 950.833 730228 -131065 56016.9 1868.33 1983.62 -999.444
773000 1.04676e+06 935.933 730228 -130993 56035.7 1913.63 1976.58 -1082.42
774000 1.04826e+06 901.961 730228 -131117 55948.7 1805.75 1982.8 -1082.67
775000 1.04976e+06 916.139 730228 -130975 56029.9 1819.34 2019.73 -1090.65
776000 1.05126e+06 913.586 730228 -130866 56031.5 1836.49 2019.52 -1115.25
777000 1.05276e+06 877.695 730228 -130843 56012.4 1808.43 1945.76 -1121.1
778000 1.05426e+06 968.612 730228 -130985 55998.9 1860.04 2061.39 -1015.59
779000 1.05576e+06 999.007 730228 -130873 56037 1835.94 2049.9 -888.815
780000 1.05726e+06 953.23 730228 -130994 56076.3 1823.73 2040.38 -1004.42
781000 1.05876e+06 899.661 730228 -131003 56038.1 1789.27 1998.48 -1088.77
782000 1.06026e+06 890.296 730228 -131002 56027.4 1767.83 2024.33 -1121.27
783000 1.06176e+06 861.525 730228 -131035 55966.9 1721.07 1976.88 -1113.38
784000 1.06326e+06 935.047 730228 -131130 55967.2 1767.56 2034.22 -996.638
785000 1.06476e+06 883.427 730228 -130830 56065.2 1809.08 1922.88 -1081.68
786000 1.06626e+06 885.855 730228 -130727 56043.4 1821.88 1919.77 -1084.08
787000 1.06776e+06 839.481 730228 -130919 56005.7 1738.53 1909.23 -1129.31
788000 1.06926e+06 807.66 730228 -130974 56010.9 1650.68 1892.53 -1120.23
789000 1.07076e+06 860.896 730228 -131023 56014.9 1718.09 1975.07 -1110.47
790000 1.07226e+06 893.427 730228 -130954 56077.1 1765.89 1946.55 -1032.15
791000 1.07376e+06 780.831 730228 -130949 55964.6 1678.69 1833.37 -1169.57
792000 1.07526e+06 839.457 730228 -130955 56035.3 1716.95 1928.59 -1127.17
793000 1.07676e+06 895.088 730228 -131086 55955.5 1808.12 1942.7 -1065.56
794000 1.07826e+06 861.023 730228 -131142 55973.7 1743.8 1922.9 -1083.63
795000 1.07976e+06 912.716 730228 -131082 56078.5 1781.13 1977.97 -1020.95
796000 1.08126e+06 887.708 730228 -131076 56024.2 1788.68 1988.63 -1114.19
797000 1.08276e+06 898.978 730228 -131059 55940.6 1770.09 2006.75 -1079.9
798000 1.08426e+06 918.844 730228 -131039 56005 1820.01 1966.32 -1029.8
799000 1.08576e+06 898.977 730228 -131073 55948.8 1770.3 1932.74 -1006.11
800000 1.08726e+06 879.69 730228 -131096 55971.9 1775.76 1975.27 -1111.96
801000 1.08876e+06 931.752 730228 -130965 56012.2 1859.53 2028.6 -1092.88
802000 1.09026e+06 875.546 730228 -130958 56024.2 1700.96 1950.62 -1024.95
803000 1.09176e+06 875.718 730228 -130972 55917.7 1744.33 1961.85 -1079.02
804000 1.09326e+06 931.452 730228 -130966 55956.6 1791 2007.42 -1004.06
805000 1.09476e+06 864.504 730228 -130902 56039.8 1796.4 1907.98 -1110.87
806000 1.09626e+06 881.737 730228 -130879 56056.7 1819.27 1948.64 -1122.7
807000 1.09776e+06 794.321 730228 -130997 56055.7 1686.75 1890.43 -1194.23
808000 1.09926e+06 877.714 730228 -130975 56030 1804.68 1964.76 -1136.3
809000 1.10076e+06 883.49 730228 -130975 56039.7 1765.6 2020.68 -1135.82
810000 1.10226e+06 895.402 730228 -131035 56035.4 1768.08 2043.73 -1125.61
811000 1.10376e+06 919.348 730228 -131244 55923 1800.53 2053.12 -1095.61
812000 1.10526e+06 934.215 730228 -131013 56051.4 1829.38 2004.77 -1031.5
813000 1.10676e+06 962.354 730228 -131051 56038 1881.6 2039.38 -1033.91
814000 1.10826e+06 956.091 730228 -130741 56048.5 1844.15 2013.93 -989.8
815000 1.10976e+06 943.521 730228 -130924 56050 1790.64 2065.28 -1025.36
816000 1.11126e+06 924.625 730228 -130931 56041.9 1823.89 2029.77 -1079.79
817000 1.11276e+06 945.124 730228 -131036 55962.8 1827.03 2059.82 -1051.49
818000 1.11426e+06 888.614 730228 -130805 56023.7 1791.66 1947.73 -1073.55
819000 1.11576e+06 905.009 730228 -131010 56051.8 1725.68 2028.11 -1038.77
820000 1.11726e+06 942.711 730228 -131080 56015.4 1816.16 1988.18 -976.211
821000 1.11876e+06 832.421 730228 -131041 56034.3 1695.97 1882.55 -1081.26
822000 1.12026e+06 934.657 730228 -131009 56091.6 1786.34 1973.31 -955.677
823000 1.12176e+06 935.107 730228 -131055 55988.8 1834.3 1991.34 -1020.32
824000 1.12326e+06 914.322 730228 -130992 56051.5 1810.65 1961.17 -1028.85
825000 1.12476e+06 874.639 730228 -131003 56067.6 1776.6 1903.09 -1055.77
826000 1.12626e+06 825.723 730228 -131049 56033.9 1781.93 1855.35 -1160.12
827000 1.12776e+06 865.2 730228 -131238 55973.6 1758.89 1931.41 -1094.7
828000 1.12926e+06 841.598 730228 -131096 56004.4 1718.52 1958.86 -1152.58
829000 1.13076e+06 903.28 730228 -131055 55979.4 1785.87 1973.84 -1049.87
830000 1.13226e+06 871.144 730228 -130954 55968.5 1824.77 1907.02 -1118.36
831000 1.13376e+06 876.288 730228 -131080 55958.5 1755.8 1981.69 -1108.62
832000 1.13526e+06 836.925 730228 -131119 55988.4 1757.78 1908.14 -1155.15
833000 1.13676e+06 932.06 730228 -131084 56037.8 1862.98 1955.01 -1021.81
834000 1.13826e+06 903.615 730228 -130878 56081.2 1878.94 1938.79 -1106.88
835000 1.13976e+06 868.473 730228 -130948 55978.7 1788.88 1937.04 -1120.5
836000 1.14126e+06 869.703 730228 -131147 56037.1 1788.83 1925.37 -1105.09
837000 1.14276e+06 866.522 730228 -131081 56011.9 1791.64 1965.39 -1157.46
838000 1.14426e+06 911.25 730228 -131010 56045.6 1784.69 1984.01 -1034.95
839000 1.14576e+06 949.154 730228 -131116 55971.1 1873.7 1989.42 -1015.65
840000 1.14726e+06 998.337 730228 -130925 56042.6 1917 2069.99 -991.98
841000 1.14876e+06 1039.91 730228 -131114 55985.4 1940.14 2106.42 -926.833
842000 1.15026e+06 935.962 730228 -131083 56037.8 1768.3 2061.56 -1021.97
843000 1.15176e+06 947.553 730228 -131040 55981.9 1816.91 2025.2 -999.45
844000 1.15326e+06 925.542 730228 -131010 56012.8 1828.13 1995.54 -1047.04
845000 1.15476e+06 874.695 730228 -130909 56059.8 1775.61 1965.88 -1117.41
846000 1.15626e+06 850.082 730228 -130917 55985.1 1696.78 1996.1 -1142.63
847000 1.15776e+06 814.905 730228 -130936 55972 1685.38 1932.92 -1173.58
848000 1.15926e+06 864.188 730228 -130972 55974.4 1795.13 1977.18 -1179.75
849000 1.16076e+06 920.075 730228 -130825 56071.2 1744.19 2089.73 -1073.7
850000 1.16226e+06 876.842 730228 -131048 56069.8 1747.75 1967.28 -1084.51
851000 1.16376e+06 883.714 730228 -131141 56020.2 1782.11 1985.22 -1116.19
852000 1.16526e+06 868.783 730228 -131056 56030.4 1759.85 1950.23 -1103.73
853000 1.16676e+06 866.351 730228 -131106 56048.8 1782.54 1906.81 -1090.3
854000 1.16826e+06 875.23 730228 -131057 56041.3 1784.39 1954.73 -1113.44
855000 1.16976e+06 945.848 730228 -130969 56017.8 1832.2 1987.86 -982.515
856000 1.17126e+06 826.209 730228 -130935 56049 1719 1908.63 -1149
857000 1.17276e+06 808.736 730228 -131013 56025.6 1723.52 1905.52 -1202.83
858000 1.17426e+06 839.134 730228 -131193 55984.7 1781.44 1905.5 -1169.54
859000 1.17576e+06 917.119 730228 -131026 56063.4 1843.09 1993.69 -1085.42
860000 1.17726e+06 806.453 730228 -131028 55994.5 1739.17 1947.83 -1267.64
861000 1.17876e+06 821.288 730228 -131041 55997 1762.45 1911.96 -1210.55
862000 1.18026e+06 917.005 730228 -131071 56036.3 1897 1950.38 -1096.36
863000 1.18176e+06 842.288 730228 -131135 56009.4 1801.31 1865.6 -1140.05
864000 1.18326e+06 954.044 730228 -131036 56043.6 1878.07 2017.85 -1033.78
865000 1.18476e+06 867.513 730228 -131058 56077.4 1741.17 1987 -1125.63
866000 1.18626e+06 948.411 730228 -131123 56039.1 1812.66 2050.33 -1017.76
867000 1.18776e+06 909.95 730228 -131184 56032.4 1803.57 1960.32 -1034.04
868000 1.18926e+06 846.937 730228 -131053 56056.4 1759.69 1929.34 -1148.22
869000 1.19076e+06 840.526 730228 -131041 56029.2 1772.95 1941.89 -1193.26
870000 1.19226e+06 836.478 730228 -131209 56006.3 1730.88 1968 -1189.44
871000 1.19376e+06 786.378 730228 -131138 56060.1 1661.73 1923.81 -1226.4
872000 1.19526e+06 866.584 730228 -131241 56010.4 1807.52 1983.73 -1191.5
873000 1.19676e+06 819.117 730228 -131200 56055.9 1753.78 1904.25 -1200.68
874000 1.19826e+06 794.421 730228 -131288 55982.2 1711.23 1887.69 -1215.65
875000 1.19976e+06 902.711 730228 -131225 56046.5 1824.13 1951.23 -1067.23
876000 1.20126e+06 897.986 730228 -131263 55968.5 1771.96 2005.94 -1083.94
877000 1.20276e+06 894.769 730228 -131310 55959.3 1813.48 1924.46 -1053.62
878000 1.20426e+06 848.499 730228 -131269 55994.1 1732.4 1970.17 -1157.08
879000 1.20576e+06 894.269 730228 -131295 55972.9 1720.2 2039.93 -1077.33
880000 1.20726e+06 844.127 730228 -131235 56012 1786.96 1924.33 -1178.9
881000 1.20876e+06 834.414 730228 -131117 55992.3 1733.01 1934.4 -1164.17
882000 1.21026e+06 942.41 730228 -131090 56039.9 1808.54 2028 -1009.31
883000 1.21176e+06 914.536 730228 -131037 56063.9 1778.44 1993.63 -1028.46
884000 1.21326e+06 933.502 730228 -131235 56017.5 1871.41 1989.18 -1060.09
885000 1.21476e+06 897.248 730228 -131160 56004 1842.18 1958.14 -1108.57
886000 1.21626e+06 910.592 730228 -131141 56058.5 1886.11 1935.88 -1090.21
887000 1.21776e+06 859.128 730228 -131154 55976.9 1834.29 1924.99 -1181.91
888000 1.21926e+06 842.362 730228 -131274 55980.6 1799.08 1921.36 -1193.35
889000 1.22076e+06 818.255 730228 -131093 56000.3 1777.1 1923.78 -1246.11
890000 1.22226e+06 864.366 730228 -131203 55974.8 1828.13 1959.14 -1194.17
891000 1.22376e+06 847.46 730228 -131034 56010.2 1751.87 1918.91 -1128.4
892000 1.22526e+06 852.458 730228 -131171 56004.5 1809.93 1890.77 -1143.32
893000 1.22676e+06 892.442 730228 -131166 56024.8 1783.39 1962.95 -1069.01
894000 1.22826e+06 886.199 730228 -131226 56051.4 1749.33 2013.22 -1103.96
895000 1.22976e+06 859.146 730228 -131248 56060.2 1765.27 1995.5 -1183.34
896000 1.23126e+06 837.237 730228 -131246 56061.7 1720.77 1936.07 -1145.13
897000 1.23276e+06 846.971 730228 -131209 56021 1835.85 1846.79 -1141.73
898000 1.23426e+06 880.207 730228 -131259 55971.9 1804.27 1940.59 -1104.24
899000 1.23576e+06 911.553 730228 -131320 55987.9 1822.11 1987.2 -1074.65
900000 1.23726e+06 920.336 730228 -131248 56045.7 1818.49 1972.12 -1029.61
901000 1.23876e+06 943.191 730228 -131106 56070.2 1831.75 2062.9 -1065.08
902000 1.24026e+06 940.713 730228 -131190 56002.8 1895.31 1996.26 -1069.43
903000 1.24176e+06 901.518 730228 -131151 56077.9 1851.01 1953.38 -1099.84
904000 1.24326e+06 894.993 730228 -131219 56048.6 1856.01 1907.6 -1078.63
905000 1.24476e+06 898.923 730228 -131311 55956.9 1806.73 1986.13 -1096.09
906000 1.24626e+06 896.209 730228 -131160 55986.9 1764.66 1953.05 -1029.09
907000 1.24776e+06 965.036 730228 -131132 56018.6 1837.13 1983.66 -925.678
908000 1.24926e+06 862.089 730228 -131165 55999.4 1711.09 1957.73 -1082.55
909000 1.25076e+06 945.534 730228 -131118 56044.3 1834.3 2008.17 -1005.87
910000 1.25226e+06 882.965 730228 -131299 55953.9 1752.68 2016.45 -1120.24
911000 1.25376e+06 861.095 730228 -131216 56004.8 1832.57 1906.64 -1155.92
912000 1.25526e+06 803.148 730228 -131352 55936.7 1650.68 1928.36 -1169.59
913000 1.25676e+06 814.476 730228 -131257 55983.4 1688.32 1899.75 -1144.64
914000 1.25826e+06 863.955 730228 -131311 55977.1 1750 1958.69 -1116.83
915000 1.25976e+06 854.706 730228 -131181 56036 1776.32 1915.37 -1127.57
916000 1.26126e+06 822.704 730228 -131346 55939.8 1751.55 1887.25 -1170.69
917000 1.26276e+06 854.02 730228 -131298 56010.7 1788.92 1940.51 -1167.37
918000 1.26426e+06 849.244 730228 -131344 56082.2 1717.75 1905.31 -1075.32
919000 1.26576e+06 872.832 730228 -131320 56047 1710.39 1988.47 -1080.36
920000 1.26726e+06 907.123 730228 -131456 56008.7 1828.34 1978.67 -1085.64
921000 1.26876e+06 980.304 730228 -131443 56021.2 1806.45 2099.32 -964.85
922000 1.27026e+06 928.819 730228 -131305 56067 1798.7 2067.04 -1079.28
923000 1.27176e+06 936.254 730228 -131179 56075.1 1779.8 2073.05 -1044.09
924000 1.27326e+06 988.401 730228 -131153 56030.6 1801.24 2132.76 -968.796
925000 1.27476e+06 988.815 730228 -131091 56024.6 1751.35 2133.08 -917.981
926000 1.27626e+06 913.755 730228 -131318 55987 1745.99 2024.71 -1029.43
927000 1.27776e+06 810.107 730228 -131421 55929.7 1677.76 1935.22 -1182.66
928000 1.27926e+06 876.555 730228 -131324 55994.7 1807.99 1933.54 -1111.86
929000 1.28076e+06 926.281 730228 -131360 56092.4 1818.38 2018.22 -1057.76
930000 1.28226e+06 909.341 730228 -131254 56009.2 1823.32 1914.97 -1010.26
931000 1.28376e+06 882.176 730228 -131239 55944.6 1757.46 1917.74 -1028.67
932000 1.28526e+06 885.955 730228 -131291 55973 1784.8 1933.86 -1060.79
933000 1.28676e+06 861.251 730228 -131442 55932.4 1747.41 1925.32 -1088.98
934000 1.28826e+06 860.725 730228 -131353 55958.2 1797.61 1959.52 -1174.96
935000 1.28976e+06 874.835 730228 -131323 56042.1 1843.86 1903.67 -1123.03
936000 1.29126e+06 931.071 730228 -131357 55995.8 1852.63 1990.39 -1049.8
937000 1.29276e+06 868.049 730228 -131212 56085.6 1773.75 1994.12 -1163.72
938000 1.29426e+06 840.968 730228 -131291 56053.2 1755.73 1919.01 -1151.84
939000 1.29576e+06 779.533 730228 -131340 56042.1 1737.36 1841.66 -1240.42
940000 1.29726e+06 822.663 730228 -131345 56050.4 1841.09 1872.35 -1245.45
941000 1.29876e+06 825.809 730228 -131354 56011.7 1840.47 1842.99 -1206.03
942000 1.30026e+06 913.788 730228 -131428 55989.4 1914.52 1910.45 -1083.6
943000 1.30176e+06 901.492 730228 -131172 56059.4 1855.33 1918.54 -1069.39
944000 1.30326e+06 916.391 730228 -131382 56044.7 1867.72 1919.77 -1038.31
945000 1.30476e+06 913.9 730228 -131478 55968.9 1851.43 1924.46 -1034.19
946000 1.30626e+06 868.118 730228 -131398 56009.3 1829.07 1913 -1137.71
947000 1.30776e+06 911.124 730228 -131458 55984.2 1895.26 1930.78 -1092.66
948000 1.30926e+06 870.848 730228 -131224 56066.1 1804.62 1886.86 -1078.94
949000 1.31076e+06 871.8 730228 -131391 55975.1 1773.23 1925.66 -1083.49
950000 1.31226e+06 884.915 730228 -131170 56061.7 1795.53 1940.5 -1081.28
951000 1.31376e+06 890.544 730228 -131344 56073 1815.52 1917.45 -1061.34
952000 1.31526e+06 817.445 730228 -131431 56007.8 1739.15 1851.98 -1138.8
953000 1.31676e+06 833.804 730228 -131398 56021.3 1740.43 1896.77 -1135.79
954000 1.31826e+06 858.19 730228 -131345 56055 1778.4 1894.47 -1098.3
955000 1.31976e+06 822.756 730228 -131382 55972.2 1756.38 1869.99 -1158.1
956000 1.32126e+06 853.232 730228 -131343 56053.5 1730.04 1947.6 -1117.94
957000 1.32276e+06 887.09 730228 -131375 56048.4 1797.42 1941.83 -1077.98
958000 1.32426e+06 913.639 730228 -131435 56022.2 1857.72 1949.32 -1066.13
959000 1.32576e+06 845.101 730228 -131397 56047.2 1795.08 1862.88 -1122.65
960000 1.32726e+06 872.318 730228 -131341 56032 1792.57 1933.91 -1109.53
961000 1.32876e+06 841.196 730228 -131402 56019.1 1858.95 1845.75 -1181.1
962000 1.33026e+06 854.196 730228 -131436 56080.4 1785.97 1938.92 -1162.3
963000 1.33176e+06 874.838 730228 -131321 56015.7 1816.76 1894.03 -1086.28
964000 1.33326e+06 854.385 730228 -131297 56052.3 1826.96 1880.63 -1144.43
965000 1.33476e+06 837.668 730228 -131428 56027.1 1774.56 1890.17 -1151.73
966000 1.33626e+06 817.04 730228 -131457 56050.4 1702.97 1848.52 -1100.37
967000 1.33776e+06 830.662 730228 -131451 56019.6 1699.82 1865 -1072.83
968000 1.33926e+06 838.834 730228 -131463 55999.4 1748.7 1896.11 -1128.31
969000 1.34076e+06 830.742 730228 -131643 56054.5 1765.79 1874.01 -1147.57
970000 1.34226e+06 898.157 730228 -131484 56051.5 1845.7 1946.95 -1098.19
971000 1.34376e+06 846.207 730228 -131446 56002.3 1781.59 1859.03 -1102
972000 1.34526e+06 882.207 730228 -131442 56030.2 1822.58 1945.76 -1121.72
973000 1.34676e+06 826.296 730228 -131362 56108.1 1753.13 1855.32 -1129.56
974000 1.34826e+06 826.58 730228 -131525 55979.6 1802.52 1836.7 -1159.49
975000 1.34976e+06 799.097 730228 -131336 56060.8 1777.72 1811.24 -1191.67
976000 1.35126e+06 791.753 730228 -131374 55990.6 1725.87 1873.52 -1224.13
977000 1.35276e+06 850.275 730228 -131415 56062.6 1821.12 1903.45 -1173.74
978000 1.35426e+06 820.413 730228 -131355 56026.2 1750.07 1865.99 -1154.83
979000 1.35576e+06 900.402 730228 -131460 56019.7 1811.06 1972.12 -1081.98
980000 1.35726e+06 891.292 730228 -131460 55977.6 1786.2 1996 -1108.32
981000 1.35876e+06 947.247 730228 -131336 56050.2 1823.89 2031.06 -1013.21
982000 1.36026e+06 889.414 730228 -131494 55969.2 1840.45 1923.6 -1095.81
983000 1.36176e+06 853.307 730228 -131593 55960.2 1752.27 1927.29 -1119.63
984000 1.36326e+06 870.472 730228 -131592 56045.4 1775.72 1879.72 -1044.03
985000 1.36476e+06 837.109 730228 -131537 56069.2 1773.56 1883.61 -1145.84
986000 1.36626e+06 838.164 730228 -131665 55994.2 1761.61 1854.91 -1102.03
987000 1.36776e+06 810.509 730228 -131553 56074.7 1725.15 1843.13 -1136.76
988000 1.36926e+06 853.385 730228 -131576 55989 1769.59 1935.69 -1145.13
989000 1.37076e+06 800.629 730228 -131511 55996.5 1710.18 1863.36 -1171.66
990000 1.37226e+06 905.265 730228 -131513 56011.9 1864.63 1967.74 -1116.58
991000 1.37376e+06 843.618 730228 -131567 56025.2 1789.78 1934.15 -1193.08
992000 1.37526e+06 884.818 730228 -131521 55983.8 1741.59 1967.22 -1054.35
993000 1.37676e+06 859.122 730228 -131575 56018.7 1831.55 1860.6 -1114.79
994000 1.37826e+06 853.344 730228 -131625 55996.2 1764.21 1884.44 -1088.62
995000 1.37976e+06 819.389 730228 -131474 56040.1 1740.41 1849.72 -1131.96
996000 1.38126e+06 857.138 730228 -131441 55991.8 1814.29 1893.92 -1136.8
997000 1.38276e+06 863.524 730228 -131368 56039.4 1811.32 1906.05 -1126.8
998000 1.38426e+06 862.497 730228 -131461 56012.9 1777.85 1890.61 -1080.97
999000 1.38576e+06 836.656 730228 -131401 55963.4 1722.2 1919.9 -1132.14
1000000 1.38726e+06 856.135 730228 -131498 55952.7 1762.61 1904.75 -1098.96
1001000 1.38876e+06 908.173 730228 -131413 56046.5 1812.39 1986.5 -1074.37
1002000 1.39026e+06 838.125 730228 -131406 56010.4 1763.47 1883.6 -1132.7
1003000 1.39176e+06 885.861 730228 -131360 56049.1 1807.98 1988.66 -1139.05
1004000 1.39326e+06 931.268 730228 -131465 56020.4 1826.64 2057.89 -1090.72
1005000 1.39476e+06 850.031 730228 -131404 55994.4 1681.56 1971 -1102.47
1006000 1.39626e+06 860.11 730228 -131329 56017.2 1737.34 1966.55 -1123.56
1007000 1.39776e+06 865.821 730228 -131333 56038.1 1763.64 1977.01 -1143.19
1008000 1.39926e+06 878.989 730228 -131415 55970.9 1794.58 1957.79 -1115.4
1009000 1.40076e+06 955.314 730228 -131415 56021.1 1847.21 2037.59 -1018.86
1010000 1.40226e+06 887.691 730228 -131270 56006.2 1810.13 1952.8 -1099.86
1011000 1.40376e+06 945.471 730228 -131289 55979.6 1806.85 2047.74 -1018.17
1012000 1.40526e+06 904.064 730228 -131353 56011 1825.93 1933.71 -1047.46
1013000 1.40676e+06 928.749 730228 -131209 56068.8 1884.9 2007.95 -1106.6
1014000 1.40826e+06 911.792 730228 -131247 56008.7 1849.23 2001.59 -1115.45
1015000 1.40976e+06 897.471 730228 -131255 56084.6 1841.05 1981.49 -1130.13
1016000 1.41126e+06 837.596 730228 -131257 56037.2 1801.89 1888.19 -1177.29
1017000 1.41276e+06 830.068 730228 -131381 56036.4 1776.39 1877.22 -1163.4
1018000 1.41426e+06 896.284 730228 -131415 56012.5 1794.53 1976.33 -1082
1019000 1.41576e+06 870.346 730228 -131237 56029.1 1799.4 1949.44 -1137.8
1020000 1.41726e+06 889.371 730228 -131359 56059.6 1868.17 1889.18 -1089.24
1021000 1.41876e+06 884.225 730228 -131337 56020.7 1794.3 1898.04 -1039.67
1022000 1.42026e+06 893.612 730228 -131449 56016.3 1832.97 1906.56 -1058.69
1023000 1.42176e+06 821.014 730228 -131427 56046.6 1741.95 1874.07 -1152.98
1024000 1.42326e+06 860.889 730228 -131549 55936.5 1733.57 1896.64 -1047.54
1025000 1.42476e+06 905.845 730228 -131410 56020.8 1766.51 1914.23 -963.201
1026000 1.42626e+06 880.676 730228 -131385 56053.1 1680.5 1931.81 -970.281
1027000 1.42776e+06 838.801 730228 -131487 56022.4 1731.08 1891.02 -1105.69
1028000 1.42926e+06 844.612 730228 -131483 55974.2 1687.5 1895.66 -1049.33
1029000 1.43076e+06 872.5 730228 -131339 56097.6 1814.05 1876.41 -1072.95
1030000 1.43226e+06 841.491 730228 -131401 56031.5 1798.22 1860.82 -1134.56
1031000 1.43376e+06 911.849 730228 -131463 56016.9 1877.67 1905.57 -1047.7
1032000 1.43526e+06 902.875 730228 -131492 55930.9 1849.24 1908.86 -1049.48
1033000 1.43676e+06 833.494 730228 -131527 55958 1751.63 1854.39 -1105.54
1034000 1.43826e+06 812.777 730228 -131555 55986.4 1683.3 1893.55 -1138.52
1035000 1.43976e+06 856.951 730228 -131450 56082.3 1722.43 1868.34 -1019.92
1036000 1.44126e+06 924.5 730228 -131502 56030 1832.51 1953.99 -1013
1037000 1.44276e+06 903.766 730228 -131430 56031.1 1855.87 1947.82 -1092.39
1038000 1.44426e+06 864.249 730228 -131305 56041.6 1769.9 1951.51 -1128.66
1039000 1.44576e+06 825.048 730228 -131464 55977.3 1818.13 1873.07 -1216.06
1040000 1.44726e+06 846.243 730228 -131529 56029.6 1769.45 1908.46 -1139.18
1041000 1.44876e+06 831.217 730228 -131402 56069.9 1807.61 1859.52 -1173.48
1042000 1.45026e+06 813.933 730228 -131399 55996.6 1762.65 1877.6 -1198.45
1043000 1.45176e+06 816.706 730228 -131418 56012.2 1730.3 1886.83 -1167
1044000 1.45326e+06 852.565 730228 -131346 56018.5 1797.04 1947.26 -1186.6
1045000 1.45476e+06 843.262 730228 -131454 56074.2 1787.61 1931.82 -1189.65
1046000 1.45626e+06 849.486 730228 -131622 55978.5 1798.77 1884.95 -1135.26
1047000 1.45776e+06 867.933 730228 -131546 55956.4 1821.54 1882.4 -1100.13
1048000 1.45926e+06 804.65 730228 -131470 55962 1761.47 1797.6 -1145.12
1049000 1.46076e+06 850.812 730228 -131547 55953.1 1820.05 1886.12 -1153.74
1050000 1.46226e+06 903.188 730228 -131455 55976.3 1827.68 1957.37 -1075.49
1051000 1.46376e+06 840.771 730228 -131291 56030.5 1785.11 1851.25 -1114.05
1052000 1.46526e+06 868.371 730228 -131566 55976 1775.4 1906.02 -1076.31
1053000 1.46676e+06 883.2 730228 -131602 55935.2 1833 1869.16 -1052.56
1054000 1.46826e+06 904.305 730228 -131561 55994.9 1888.81 1871.42 -1047.31
1055000 1.46976e+06 897.07 730228 -131479 55933.8 1864.25 1879.84 -1052.87
1056000 1.47126e+06 954.435 730228 -131363 56087.5 1898.57 1985.2 -1020.47
1057000 1.47276e+06 914.063 730228 -131384 56091.7 1833.14 1936.52 -1027.47
1058000 1.47426e+06 804.393 730228 -131547 56038.2 1727.43 1820.5 -1134.76
1059000 1.47576e+06 789.229 730228 -131543 56034.7 1726.12 1733.69 -1092.13
1060000 1.47726e+06 814.524 730228 -131621 55937.3 1689.73 1789.89 -1036.05
1061000 1.47876e+06 839.399 730228 -131649 55950.7 1717.31 1825.16 -1024.28
1062000 1.48026e+06 956.327 730228 -131454 56004.9 1813.48 1969.8 -914.302
1063000 1.48176e+06 901.335 730228 -131554 55993.7 1826.52 1909.26 -1031.78
1064000 1.48326e+06 894.5 730228 -131516 56041.1 1774.9 1916.39 -1007.79
1065000 1.48476e+06 906.706 730228 -131429 56040.9 1757.65 1969.67 -1007.2
1066000 1.48626e+06 909.393 730228 -131487 55985.5 1779.48 1923.87 -975.167
1067000 1.48776e+06 890.835 730228 -131483 56026 1773.94 1871.22 -972.659
1068000 1.48926e+06 880.966 730228 -131555 56087.8 1816.8 1901.23 -1075.13
1069000 1.49076e+06 868.419 730228 -131601 56024.8 1806.42 1903.61 -1104.78
1070000 1.49226e+06 846.774 730228 -131464 56040.2 1761.42 1874.04 -1095.13
1071000 1.49376e+06 833.67 730228 -131566 55960.5 1750.57 1879.56 -1129.12
1072000 1.49526e+06 913.643 730228 -131560 56015.1 1791.79 1956.57 -1007.43
1073000 1.49676e+06 901.333 730228 -131581 55995.5 1775.78 1932.23 -1004.01
1074000 1.49826e+06 867.808 730228 -131532 56027.9 1704.56 1924.79 -1025.93
1075000 1.49976e+06 873.547 730228 -131673 55936.4 1748.26 1940.47 -1068.09
1076000 1.50126e+06 915 730228 -131596 56066.2 1832.04 1968.32 -1055.36
1077000 1.50276e+06 913.942 730228 -131491 56030.4 1815.02 1961.54 -1034.73
1078000 1.50426e+06 890.426 730228 -131537 56071.8 1790.33 1898.78 -1017.83
1079000 1.50576e+06 934.24 730228 -131581 56030.1 1814.23 2007.27 -1018.78
1080000 1.50726e+06 886.837 730228 -131535 55957.3 1791.14 1959.03 -1089.66
1081000 1.50876e+06 910.426 730228 -131440 56079.7 1803.46 1989.2 -1061.39
1082000 1.51026e+06 893.196 730228 -131509 56090.8 1796.83 2003.22 -1120.46
1083000 1.51176e+06 858.584 730228 -131560 56012.5 1835.65 1890.01 -1149.92
1084000 1.51326e+06 879.577 730228 -131470 55990 1745.23 1955.65 -1062.14
1085000 1.51476e+06 856.157 730228 -131538 56019.9 1794.38 1866.56 -1092.47
1086000 1.51626e+06 932.804 730228 -131624 56026.2 1814.35 1963.33 -979.263
1087000 1.51776e+06 963.761 730228 -131735 55942.5 1843.75 1999.51 -951.969
1088000 1.51926e+06 930.217 730228 -131598 55971.1 1810.24 1947.4 -966.989
1089000 1.52076e+06 953.368 730228 -131479 56004.7 1840.55 1987.2 -967.643
1090000 1.52226e+06 964.241 730228 -131504 56048.8 1875.97 2019.82 -1003.06
1091000 1.52376e+06 902.001 730228 -131589 55973.1 1747.93 1962.74 -1004.66
1092000 1.52526e+06 989.985 730228 -131462 55980 1857.11 2050.43 -937.585
1093000 1.52676e+06 932.859 730228 -131382 56038.4 1825.82 1937.54 -964.788
1094000 1.52826e+06 923.366 730228 -131522 56001.6 1829.66 1972.55 -1032.12
1095000 1.52976e+06 814.169 730228 -131450 56000.3 1726.08 1854.21 -1137.78
1096000 1.53126e+06 855.37 730228 -131266 56089.1 1689.07 1948.59 -1071.55
1097000 1.53276e+06 932.935 730228 -131426 56071.9 1796.19 1947.77 -945.151
1098000 1.53426e+06 953.525 730228 -131427 56044.7 1780.46 1981.57 -901.461
1099000 1.53576e+06 949.103 730228 -131486 56028.1 1737.42 2051.61 -941.711
1100000 1.53726e+06 924.015 730228 -131359 56060.6 1792.59 1959.95 -980.494
1101000 1.53876e+06 970.467 730228 -131477 56035.3 1850.23 1998.5 -937.335
1102000 1.54026e+06 943.113 730228 -131634 55971.4 1807.97 1956.84 -935.478
1103000 1.54176e+06 888.096 730228 -131540 56053.4 1722.93 1905.34 -963.984
1104000 1.54326e+06 872.314 730228 -131508 56063.3 1721.84 1909.53 -1014.42
1105000 1.54476e+06 903.891 730228 -131659 55978.3 1794.28 1967.04 -1049.65
1106000 1.54626e+06 915.394 730228 -131705 55991.3 1761.96 1991.7 -1007.48
1107000 1.54776e+06 869.599 730228 -131582 55983.7 1767.92 1878.75 -1037.88
1108000 1.54926e+06 895.575 730228 -131507 56010.1 1805.77 1918.9 -1037.94
1109000 1.55076e+06 880.968 730228 -131518 56038.8 1822.14 1934.13 -1113.37
1110000 1.55226e+06 927.657 730228 -131607 56077.6 1840.41 1964.86 -1022.3
1111000 1.55376e+06 886.68 730228 -131617 56025.7 1719.61 1933 -992.571
1112000 1.55526e+06 877.46 730228 -131537 56019.9 1719.36 1965.7 -1052.67
1113000 1.55676e+06 836.667 730228 -131597 56042.2 1713.15 1938.82 -1141.98
1114000 1.55826e+06 822.046 730228 -131621 55951.1 1729.3 1927.87 -1191.03
1115000 1.55976e+06 823.639 730228 -131634 56000.2 1721.11 1903.37 -1153.55
1116000 1.56126e+06 869.075 730228 -131491 56006.4 1800.78 1904.01 -1097.57
1117000 1.56276e+06 836.54 730228 -131502 55978.5 1752.43 1877.9 -1120.71
1118000 1.56426e+06 834.581 730228 -131594 55967.9 1699.36 1949.98 -1145.6
1119000 1.56576e+06 849.882 730228 -131559 56032.3 1755.43 1921.86 -1127.65
1120000 1.56726e+06 874.766 730228 -131504 55982.3 1755.13 1967.03 -1097.86
1121000 1.56876e+06 863.16 730228 -131565 56032.4 1767.33 1918.65 -1096.5
1122000 1.57026e+06 853.198 730228 -131664 55900.5 1816.32 1912.94 -1169.67
1123000 1.57176e+06 838.54 730228 -131609 55988 1761.01 1915.19 -1160.59
1124000 1.57326e+06 813.5 730228 -131476 56047.1 1669.01 1917.99 -1146.5
1125000 1.57476e+06 872.424 730228 -131531 56014.8 1805.61 1948.51 -1136.85
1126000 1.57626e+06 845.244 730228 -131786 55969.4 1777.68 1850.41 -1092.36
1127000 1.57776e+06 828.776 730228 -131848 55980.8 1774.78 1854.53 -1142.98
1128000 1.57926e+06 760.328 730228 -131761 56028.8 1699.15 1834.2 -1252.36
1129000 1.58076e+06 862.831 730228 -131708 56034.7 1755.95 1907.19 -1074.65
1130000 1.58226e+06 852.955 730228 -131841 55946.5 1768.92 1901.82 -1111.88
1131000 1.58376e+06 782.04 730228 -131734 55955.1 1677.59 1848.08 -1179.55
1132000 1.58526e+06 828.134 730228 -131644 56054 1730 1873.9 -1119.5
1133000 1.58676e+06 842.189 730228 -131675 55987.3 1746.85 1892.01 -1112.29
1134000 1.58826e+06 834.688 730228 -131587 56056.4 1724.86 1856.95 -1077.75
1135000 1.58976e+06 831.473 730228 -131672 55995 1752.61 1834.11 -1092.29
1136000 1.59126e+06 846.105 730228 -131588 56025.3 1810.52 1909.62 -1181.83
1137000 1.59276e+06 860.356 730228 -131683 55974.3 1805.69 1863.84 -1088.47
1138000 1.59426e+06 940.595 730228 -131574 56029.9 1833.97 1984.12 -996.305
1139000 1.59576e+06 878.977 730228 -131548 56004.6 1754.7 1925.22 -1042.99
1140000 1.59726e+06 909.507 730228 -131512 55995.3 1744.52 1979.94 -995.933
1141000 1.59876e+06 882.405 730228 -131476 56003.5 1730.28 1962.66 -1045.73
1142000 1.60026e+06 837.902 730228 -131595 55971.6 1699.57 1933.94 -1119.81
1143000 1.60176e+06 878.66 730228 -131555 55995.3 1796.17 1938.08 -1098.27
1144000 1.60326e+06 902.246 730228 -131561 55993.5 1797.14 2009.03 -1099.43
1145000 1.60476e+06 912.816 730228 -131563 55989.6 1875.11 1966.81 -1103.47
1146000 1.60626e+06 923.809 730228 -131465 56089.6 1850.11 1966.08 -1044.77
1147000 1.60776e+06 852.077 730228 -131416 56041.3 1730.39 1903.47 -1077.63
1148000 1.60926e+06 854.802 730228 -131525 56068.3 1706.42 1900.6 -1042.61
1149000 1.61076e+06 860.206 730228 -131665 56023.3 1705.3 1922.04 -1046.72
1150000 1.61226e+06 910.933 730228 -131744 55936.1 1777.78 1976.78 -1021.76
1151000 1.61376e+06 839.305 730228 -131531 56022.5 1744.13 1931.54 -1157.76
1152000 1.61526e+06 867.29 730228 -131719 55952.5 1765.35 1908.18 -1071.66
1153000 1.61676e+06 835.553 730228 -131665 55974.5 1657.56 1921.52 -1072.42
1154000 1.61826e+06 847.726 730228 -131562 56053.9 1652.26 1939.11 -1048.2
1155000 1.61976e+06 937.422 730228 -131765 55976.6 1837.1 1923.82 -948.647
1156000 1.62126e+06 912.003 730228 -131554 56083.4 1739.31 1978.57 -981.877
1157000 1.62276e+06 876.828 730228 -131533 56046.2 1720.44 1894.92 -984.881
1158000 1.62426e+06 895.304 730228 -131735 55956.7 1783.71 1895.66 -993.466
1159000 1.62576e+06 895.74 730228 -131735 55993.1 1769.29 1929.16 -1011.23
1160000 1.62726e+06 907.583 730228 -131552 56057 1810.97 1886.6 -974.83
1161000 1.62876e+06 944.557 730228 -131615 56035.7 1859.64 1941.64 -967.608
1162000 1.63026e+06 960.422 730228 -131682 55977.8 1847.69 1942.97 -909.394
1163000 1.63176e+06 941.856 730228 -131501 56009.5 1882.66 1964.25 -1021.35
1164000 1.63326e+06 917.908 730228 -131552 56040.9 1878.81 1894.4 -1019.49
1165000 1.63476e+06 1008.09 730228 -131733 56054.1 1901.64 2060.05 -937.413
1166000 1.63626e+06 916.452 730228 -131776 56003.2 1770.37 1944.17 -965.182
1167000 1.63776e+06 901.62 730228 -131684 56052 1791.29 1980.22 -1066.65
1168000 1.63926e+06 954.834 730228 -131691 56062 1831.41 2004.67 -971.576
1169000 1.64076e+06 929.293 730228 -131797 56002.1 1760.98 1972.92 -946.017
1170000 1.64226e+06 853.785 730228 -131759 56001.8 1758.1 1880.68 -1077.43
1171000 1.64376e+06 844.792 730228 -131647 55951.3 1706.03 1879.34 -1050.99
1172000 1.64526e+06 896.975 730228 -131525 56015 1772.6 1898.81 -980.485
1173000 1.64676e+06 858.717 730228 -131679 56074.9 1702.92 1858.63 -985.398
1174000 1.64826e+06 889.453 730228 -131572 56004.1 1688.09 1942.01 -961.742
1175000 1.64976e+06 932.319 730228 -131651 56012.1 1786.9 1954.28 -944.226
1176000 1.65126e+06 886.409 730228 -131678 56046.1 1747.46 1898.09 -986.314
1177000 1.65276e+06 901.965 730228 -131589 55996.9 1784.67 1871.13 -949.911
1178000 1.65426e+06 970.257 730228 -131731 56093.3 1917.13 1916.65 -923.01
1179000 1.65576e+06 958.23 730228 -131784 55990.9 1825.35 1971.96 -922.621
1180000 1.65726e+06 907.845 730228 -131651 56052.7 1683.94 1951.65 -912.059
1181000 1.65876e+06 840.794 730228 -131827 55955.7 1682.26 1866.04 -1025.92
1182000 1.66026e+06 904.216 730228 -131842 55971.2 1762.9 1919.09 -969.342
1183000 1.66176e+06 971.119 730228 -131684 55985 1820.64 1952.12 -859.406
1184000 1.66326e+06 946.447 730228 -131718 56054.5 1797.37 1940.83 -898.862
1185000 1.66476e+06 967.21 730228 -131748 56042 1799.15 1958.81 -856.328
1186000 1.66626e+06 918.905 730228 -131847 55995.6 1735.62 2007.46 -986.357
1187000 1.66776e+06 925.359 730228 -131766 56010 1804.25 1895.95 -924.125
1188000 1.66926e+06 948.207 730228 -131745 56008.3 1827.59 1953.14 -936.108
1189000 1.67076e+06 924.178 730228 -131713 56061.5 1808.05 1882.55 -918.066
1190000 1.67226e+06 983.26 730228 -131808 56077.9 1855.81 1954.52 -860.55
1191000 1.67376e+06 917.492 730228 -131877 55965.6 1836.04 1904.18 -987.75
1192000 1.67526e+06 1010.54 730228 -131791 56052 1860.58 2009.58 -838.534
1193000 1.67676e+06 911.85 730228 -131644 56031.4 1759.09 1939.9 -963.443
1194000 1.67826e+06 939.5 730228 -131735 55983.5 1874.4 1874.65 -930.546
1195000 1.67976e+06 977.611 730228 -131801 56021.2 1868.49 1972.77 -908.422
1196000 1.68126e+06 872.134 730228 -131812 55977.3 1764.19 1868.47 -1016.26
1197000 1.68276e+06 828.616 730228 -131676 55971.3 1703.75 1842.13 -1060.04
1198000 1.68426e+06 862.293 730228 -131758 56002 1699.08 1878.11 -990.313
1199000 1.68576e+06 841.62 730228 -131873 55940.3 1702.94 1887.91 -1065.99
1200000 1.68726e+06 847.759 730228 -131807 55948.6 1674.27 1914.94 -1045.93
1201000 1.68876e+06 908.614 730228 -131717 55977.8 1733.79 1950.84 -958.784
1202000 1.69026e+06 917.643 730228 -131752 55974.1 1759.42 1999.36 -1005.85
1203000 1.69176e+06 953.018 730228 -131492 56074.6 1787.73 2041.8 -970.481
1204000 1.69326e+06 942.891 730228 -131675 55971.2 1768.15 2034.68 -974.163
1205000 1.69476e+06 916.646 730228 -131663 56018 1779.53 1977.89 -1007.48
1206000 1.69626e+06 950.953 730228 -131851 55905.9 1802.55 2009.43 -959.118
1207000 1.69776e+06 970.832 730228 -131836 55992.8 1783.43 2032.88 -903.819
1208000 1.69926e+06 903.989 730228 -131705 55992.7 1700.85 1977.84 -966.726
1209000 1.70101e+06 867.928 730228 -131040 56033.1 1740.12 1894.22 -1030.56
1210000 1.70301e+06 945.577 730228 -131146 56026.4 1813.94 2003.84 -981.043
1211000 1.70501e+06 905.23 730228 -131216 55982.6 1729.71 1940.63 -954.647
1212000 1.70701e+06 841.242 730228 -131149 55947.8 1737.23 1878.54 -1092.04
1213000 1.70901e+06 838.997 730228 -131070 55998.3 1675.98 1902.37 -1061.36
1214000 1.71101e+06 866.525 730228 -131025 55988.3 1713.92 1910.36 -1024.7
1215000 1.71301e+06 908.17 730228 -131047 55980.2 1809.01 1914.8 -999.304
1216000 1.71501e+06 897.632 730228 -130912 56026 1735.87 1931.05 -974.027
1217000 1.71701e+06 960.059 730228 -130823 56035.6 1800.97 1961.42 -882.213
1218000 1.71901e+06 931.054 730228 -130842 56055.5 1817.2 1906.3 -930.332
1219000 1.72101e+06 960.015 730228 -131000 55981 1843.62 1972.22 -935.796
1220000 1.72301e+06 953.256 730228 -130936 56013.6 1808.44 1918.48 -867.153
1221000 1.72501e+06 898.723 730228 -130981 55962.1 1814.41 1851.78 -970.028
1222000 1.72701e+06 940.258 730228 -131092 55976.1 1779.7 1947.37 -906.297
1223000 1.72901e+06 919.743 730228 -131029 55975.2 1773.82 1930.46 -945.048
1224000 1.73101e+06 913.934 730228 -131016 55988.1 1785.65 1961.53 -1005.38
1225000 1.73301e+06 926.007 730228 -130994 56012.8 1817.66 1929.22 -968.855
1226000 1.73501e+06 943.866 730228 -130861 56108.2 1793.55 1980.42 -942.367
1227000 1.73701e+06 933.245 730228 -130840 56077.3 1829.6 1945.41 -975.274
1228000 1.73901e+06 875.975 730228 -130969 55955.5 1772.37 1860.49 -1004.94
1229000 1.74101e+06 880.279 730228 -130996 55996.5 1739.45 1866.98 -965.595
1230000 1.74301e+06 900.658 730228 -130916 55968.6 1763.64 1873.95 -935.624
1231000 1.74501e+06 887.158 730228 -130941 56015.7 1762.9 1840.62 -942.038
1232000 1.74701e+06 896.404 730228 -131127 55985.1 1750.55 1872.24 -933.577
1233000 1.74901e+06 876.813 730228 -130949 56048.7 1767.93 1856.09 -993.579
1234000 1.75101e+06 905.167 730228 -130991 56009.8 1756.02 1880.3 -920.812
1235000 1.75301e+06 917.355 730228 -131060 55974.2 1811.56 1832.81 -892.309
1236000 1.75501e+06 953.402 730228 -130933 56033.1 1847.01 1961.54 -948.345
1237000 1.75701e+06 968.13 730228 -131001 56035.6 1796.6 1970.54 -862.75
1238000 1.75901e+06 924.045 730228 -131110 56000.4 1803.2 1864.48 -895.543
1239000 1.76101e+06 921.074 730228 -131089 55967.1 1794.28 1950.18 -981.242
1240000 1.76301e+06 863.518 730228 -131024 56019.5 1729.21 1865.2 -1003.86
1241000 1.76501e+06 899.591 730228 -131078 55935.5 1835.88 1898.41 -1035.51
1242000 1.76701e+06 873.579 730228 -130882 56033.6 1790.16 1836.06 -1005.48
1243000 1.76901e+06 902.673 730228 -131044 56015.8 1841.78 1870.81 -1004.57
1244000 1.77101e+06 870.093 730228 -131079 56012 1823.65 1855.91 -1069.29
1245000 1.77301e+06 880.267 730228 -131022 56043.9 1796.73 1812.77 -968.699
1246000 1.77501e+06 936.2 730228 -130968 56020 1795.22 1914.11 -900.728
1247000 1.77701e+06 949.727 730228 -130998 56003.8 1801.52 1964.44 -916.773
1248000 1.77901e+06 960.281 730228 -131098 56051.1 1811.37 1951.93 -882.462
1249000 1.78101e+06 921.035 730228 -131130 56025.8 1716.59 1937.22 -890.698
1250000 1.78301e+06 881.312 730228 -131132 55977.7 1712.57 1903.05 -971.687
1251000 1.78501e+06 923.803 730228 -131012 55968.7 1793.59 1900.35 -922.54
1252000 1.78701e+06 890.11 730228 -130989 55975.8 1730.9 1863.03 -923.603
1253000 1.78901e+06 897.029 730228 -131012 55984.9 1739.47 1907.66 -956.043
1254000 1.79101e+06 908.517 730228 -131035 56034 1804.49 1923.6 -1002.54
1255000 1.79301e+06 946.985 730228 -131038 56057 1880.31 1944.71 -984.064
1256000 1.79501e+06 889.498 730228 -130958 56064 1837.7 1814.57 -983.776
1257000 1.79701e+06 841.643 730228 -131021 56028.4 1754.62 1861.38 -1091.06
1258000 1.79901e+06 915.987 730228 -131124 56007.9 1757.03 1975.28 -984.352
1259000 1.80101e+06 933.622 730228 -131017 56029.9 1790.18 1960.31 -949.622
1260000 1.80301e+06 927.246 730228 -130985 56074 1732.34 2018.15 -968.756
1261000 1.80501e+06 896.154 730228 -130935 56002.2 1772.2 1932.76 -1016.49
1262000 1.80701e+06 927.013 730228 -131022 55982.2 1845.57 1948.4 -1012.93
1263000 1.80901e+06 919.793 730228 -131018 56024.4 1792.25 1919.85 -952.717
1264000 1.81101e+06 943.121 730228 -130993 56009.3 1808 1969.15 -947.786
1265000 1.81301e+06 913.759 730228 -131033 56000.3 1839.82 1882.22 -980.764
1266000 1.81501e+06 937.326 730228 -130986 56024.4 1833.38 1904.1 -925.499
1267000 1.81701e+06 920.184 730228 -131048 56026.4 1805.74 1918.06 -963.243
1268000 1.81901e+06 871.089 730228 -131119 56014.2 1756.43 1932.92 -1076.09
1269000 1.82101e+06 905.785 730228 -131131 56016.9 1774.88 1956.51 -1014.03
1270000 1.82301e+06 850.531 730228 -131119 55974.1 1743.87 1877.29 -1069.57
1271000 1.82501e+06 901.743 730228 -131132 55940.7 1857.78 1914.11 -1066.66
1272000 1.82701e+06 866.735 730228 -131208 55996.8 1796.26 1846.26 -1042.31
1273000 1.82901e+06 865.45 730228 -131070 56041.3 1769.42 1822.9 -995.971
1274000 1.83101e+06 919.618 730228 -131013 56072.1 1782.51 1916.82 -940.468
1275000 1.83301e+06 923.202 730228 -131167 55978.5 1844.76 1882.55 -957.712
1276000 1.83501e+06 931.972 730228 -131110 56018.5 1786 1976.92 -967.003
1277000 1.83701e+06 925.959 730228 -130938 56063.9 1783.77 1974.26 -980.149
1278000 1.83901e+06 897.426 730228 -130966 55996.8 1777.08 1912.26 -997.069
1279000 1.84101e+06 903.232 730228 -130879 56051.2 1740.55 1902.95 -933.806
1280000 1.84301e+06 921.152 730228 -131018 56031.1 1809.54 1910.34 -956.419
1281000 1.84501e+06 915.56 730228 -131018 56050 1780.67 1898.07 -932.061
1282000 1.84701e+06 881.059 730228 -130991 56000.6 1793.74 1842.03 -992.59
1283000 1.84901e+06 948.243 730228 -131015 55986 1785.21 1943.22 -883.696
1284000 1.85101e+06 952.735 730228 -130939 56035.9 1841.79 1952.77 -936.356
1285000 1.85301e+06 969.826 730228 -130973 56033.9 1811.66 1990.12 -892.302
1286000 1.85501e+06 959.753 730228 -131042 55981.3 1759.14 1997.51 -877.393
1287000 1.85701e+06 912.172 730228 -131064 55969.4 1757.25 1966.28 -987.011
1288000 1.85901e+06 888.293 730228 -130893 56058.7 1741.73 1883.25 -960.098
1289000 1.86101e+06 887.437 730228 -131049 55997.4 1796.31 1907.62 -1041.62
1290000 1.86301e+06 876.321 730228 -131115 55974.7 1738.25 1855.17 -964.45
1291000 1.86501e+06 943.976 730228 -131193 56015.3 1829.53 1968.76 -966.357
1292000 1.86701e+06 915.653 730228 -131147 55957.1 1738.59 1949.93 -941.561
1293000 1.86901e+06 952.811 730228 -131068 56007 1834.86 1970.92 -947.348
1294000 1.87101e+06 916.045 730228 -131053 55979.5 1850.99 1910.72 -1013.57
1295000 1.87301e+06 885.539 730228 -131153 55969 1770.35 1933.57 -1047.3
1296000 1.87501e+06 934.089 730228 -131089 55973.6 1814.4 1933.65 -945.782
1297000 1.87701e+06 896.871 730228 -131062 56013.2 1768.65 1896.37 -974.408
1298000 1.87901e+06 916.458 730228 -130938 55995 1768.94 1927.09 -946.654
1299000 1.88101e+06 960.678 730228 -131185 55937 1834.37 1936.35 -888.681
1300000 1.88301e+06 843.571 730228 -130999 56016.7 1685.16 1887.52 -1041.97
1301000 1.88501e+06 804.915 730228 -131114 55964.1 1641.11 1913.55 -1139.91
1302000 1.88701e+06 855.263 730228 -131125 55972.5 1710.18 1891.42 -1035.8
1303000 1.88901e+06 967.533 730228 -131145 56003.1 1825 1967.19 -889.594
1304000 1.89101e+06 902.859 730228 -131001 56029.8 1752.5 1937.17 -981.096
1305000 1.89301e+06 898.652 730228 -131170 55939.3 1792.7 1909.65 -1006.39
1306000 1.89501e+06 895.012 730228 -131019 55988.3 1726.54 1957.73 -999.237
1307000 1.89701e+06 929.366 730228 -130979 55997.9 1782.46 1983.64 -978.001
1308000 1.89901e+06 921.792 730228 -131020 56046.2 1810.72 1928.73 -974.078
1309000 1.90101e+06 909.708 730228 -131041 56014.2 1773.53 1976.41 -1020.82
