# Time-averaged data for fix myglobalout1
# TimeStep v_ttime v_ppress v_vvol v_ppe v_kke v_ppx v_ppy v_ppz
1000 101 8173.94 730228 -76440.4 51324.9 8902.67 9975.09 5644.05
2000 301 4667.25 730228 -88742.5 59861.1 5388.65 6739.08 1874.02
3000 501 3416.1 730228 -93864 57725.6 4258.35 5397.64 592.322
4000 701 2647.69 730228 -97656.6 55602.3 3596.04 4312.09 34.9426
5000 901 2484.73 730228 -100702 54437.8 3450.21 3905.72 98.2489
6000 1101 2159.51 730228 -102365 53971.6 3268.74 3615.94 -406.153
7000 1301 2222.05 730228 -103128 54267.3 3361.73 3617.54 -313.123
8000 1501 2191.73 730228 -104060 54241.7 3163.76 3581.64 -170.204
9000 1701 1893.22 730228 -105008 54018 2872.29 3254.46 -447.088
10000 1901 1686.59 730228 -105169 54143.2 2713.47 3083.67 -737.372
11000 2505 1432.95 730228 -105980 54208.5 2461.84 2773.33 -936.324
12000 3505 1082.44 730228 -107564 54155.7 2134.92 2434.54 -1322.14
13000 4505 838.869 730228 -108633 54254.2 1836.83 2174.51 -1494.74
14000 5505 590.439 730228 -109539 54150.3 1619.87 1899.86 -1748.41
15000 6505 430.932 730228 -110287 54189.7 1453.62 1719.99 -1880.81
16000 7505 273.185 730228 -110870 54168.1 1266.82 1554.52 -2001.79
17000 8505 265.335 730228 -111437 54178.2 1256.46 1525.08 -1985.53
18000 9505 136.201 730228 -112036 54184 1093.83 1463.79 -2149.02
19000 10505 93.1582 730228 -112302 54204.1 1096.34 1409.18 -2226.04
20000 11505 23.0754 730228 -112746 54149.7 1037.14 1343.68 -2311.6
21000 12505 26.0582 730228 -112764 54278.1 965.13 1332.85 -2219.8
22000 13505 -110.383 730228 -113113 54181.6 835.484 1183.77 -2350.4
23000 14505 -124.464 730228 -113374 54131.3 831.866 1152.08 -2357.34
24000 15505 -101.96 730228 -113721 54171.4 817.599 1094.02 -2217.5
25000 16505 -133.998 730228 -113830 54129.3 739.178 1094.62 -2235.8
26000 17505 -182.256 730228 -114125 54044.5 643.116 1011.66 -2201.54
27000 18505 -272.742 730228 -114119 54178 642.749 869.329 -2330.3
28000 19505 -211.316 730228 -114375 54129.6 726.214 939.203 -2299.37
29000 20505 -163.133 730228 -114491 54147 687.813 1053.66 -2230.87
30000 21505 -180.639 730228 -114683 54105.4 669.2 1059.03 -2270.14
31000 22505 -177.583 730228 -114629 54249.4 663.867 1043.93 -2240.54
32000 23505 -312.155 730228 -114801 54139.5 557.641 902.405 -2396.51
33000 24505 -301.557 730228 -114791 54248.1 504.795 936.545 -2346.01
34000 25505 -342.766 730228 -114973 54178.9 494.745 888.151 -2411.19
35000 26505 -245.176 730228 -115046 54167.7 687.086 912.655 -2335.27
36000 27505 -341.692 730228 -115091 54118.4 589.986 820.923 -2435.99
37000 28505 -302.353 730228 -115152 54164.7 630.219 828.309 -2365.59
38000 29505 -335.421 730228 -114999 54203.6 607.113 840.385 -2453.76
39000 30505 -340.911 730228 -115250 54099.2 600.46 849.054 -2472.25
40000 31505 -334.251 730228 -115284 54158.1 587.041 891.029 -2480.82
41000 32505 -373.547 730228 -115233 54203.6 496.749 846.872 -2464.26
42000 33505 -342.971 730228 -115447 54212.9 547.372 832.82 -2409.11
43000 34505 -322.792 730228 -115567 54159.8 570.464 815.984 -2354.82
44000 35505 -414.631 730228 -115564 54186.6 505.177 808.373 -2557.44
45000 36505 -249.8 730228 -115475 54258.2 641.21 936.067 -2326.68
46000 37505 -239.129 730228 -115572 54174.5 629.243 956.051 -2302.68
47000 38505 -344.846 730228 -115525 54150.3 485.823 886.777 -2407.14
48000 39505 -312.177 730228 -115489 54139.9 562.266 871.992 -2370.79
49000 40505 -258.478 730228 -115577 54250.1 576.876 918.018 -2270.33
50000 41505 -344.123 730228 -115764 54068.1 549.389 815.106 -2396.86
51000 42505 -371.592 730228 -115679 54156.3 457.988 800.999 -2373.76
52000 43505 -394.622 730228 -115777 54094.6 461.184 783.127 -2428.18
53000 44505 -359.165 730228 -115857 54149.7 507.43 844.19 -2429.11
54000 45505 -341.1 730228 -116036 54092.8 556.082 844.982 -2424.37
55000 46505 -398.047 730228 -115963 54141.7 518.763 748.983 -2461.89
56000 47505 -455.837 730228 -115969 54129.3 450.184 720.779 -2538.47
57000 48505 -316.02 730228 -115997 54183.1 609.839 810.055 -2367.95
58000 49505 -436.379 730228 -116057 54121.1 475.87 735.684 -2520.69
59000 50505 -378.08 730228 -115992 54144.2 540.101 801.482 -2475.82
60000 51505 -325.655 730228 -116006 54165.3 607.051 792.96 -2376.98
61000 52505 -372.772 730228 -115968 54147.8 497.267 793.264 -2408.85
62000 53505 -404.511 730228 -115954 54203.2 529.764 752.36 -2495.66
63000 54505 -347.247 730228 -116145 54105.5 544.42 801.053 -2387.21
64000 55505 -291.507 730228 -116139 54150.2 621.308 834.563 -2330.39
65000 56505 -382.901 730228 -115991 54262.5 528.374 788.038 -2465.12
66000 57505 -379.41 730228 -116225 54225.9 518.706 773.354 -2430.29
67000 58505 -410.891 730228 -116076 54237.6 422.046 750.204 -2404.92
68000 59505 -412.062 730228 -116100 54261.3 419.758 749.459 -2405.4
69000 60505 -302.923 730228 -116218 54159 553.774 861.858 -2324.4
70000 61505 -410.661 730228 -116294 54154.9 465.064 748.967 -2446.01
71000 62505 -401.809 730228 -116321 54141.3 405.965 769.458 -2380.85
72000 63505 -349.09 730228 -115965 54254 466.219 816.202 -2329.69
73000 64505 -373.562 730228 -116183 54156.1 433.454 818.313 -2372.45
74000 65505 -353.042 730228 -116295 54165.8 510.428 783.386 -2352.94
75000 66505 -353.085 730228 -116381 54140 487.843 824.368 -2371.47
76000 67505 -421.863 730228 -116227 54238.3 405.108 813.311 -2484.01
77000 68505 -363.037 730228 -116353 54194.2 403.142 893.093 -2385.35
78000 69505 -394.786 730228 -116504 54128.5 437.208 816.525 -2438.09
79000 70505 -447.253 730228 -116295 54238 352.347 766.911 -2461.02
80000 71505 -444.847 730228 -116386 54194.4 354.347 738.515 -2427.4
81000 72505 -413.491 730228 -116178 54278.2 411.196 726.668 -2378.34
82000 73505 -368.182 730228 -116353 54223.1 522.227 787.634 -2414.41
83000 74505 -416.834 730228 -116534 54080.5 475.377 735.52 -2461.4
84000 75505 -389.954 730228 -116319 54260.4 489.249 736.689 -2395.8
85000 76505 -378.453 730228 -116544 54197.2 499.078 744.765 -2379.2
86000 77505 -452.027 730228 -116562 54136.5 419.717 697.658 -2473.46
87000 78505 -385.57 730228 -116416 54285 449.383 783.066 -2389.16
88000 79505 -451.355 730228 -116468 54154.8 380.75 684.055 -2418.87
89000 80505 -409.567 730228 -116501 54220.6 312.356 769.24 -2310.3
90000 81505 -334.716 730228 -116459 54218.6 481.323 824.506 -2309.98
91000 82505 -309.595 730228 -116509 54257.6 511.964 797.434 -2238.18
92000 83505 -398.917 730228 -116681 54176.7 398.357 703.348 -2298.46
93000 84505 -397.242 730228 -116659 54173.3 382.977 716.543 -2291.25
94000 85505 -408.306 730228 -116525 54161.8 419.279 756.246 -2400.44
95000 86505 -392.115 730228 -116525 54229.8 455.316 773.726 -2405.39
96000 87505 -394.676 730228 -116498 54251.7 466.7 743.027 -2393.76
97000 88505 -399.386 730228 -116580 54200.8 417.117 775.686 -2390.96
98000 89505 -425.684 730228 -116628 54241.8 408.668 733.572 -2419.29
99000 90505 -402.23 730228 -116638 54207.8 374.356 761.256 -2342.3
100000 91505 -430.28 730228 -116742 54115.9 391.822 690.846 -2373.51
101000 92505 -430.088 730228 -116590 54254.6 348.608 731.131 -2370
102000 93505 -419.684 730228 -116695 54199 377.177 700.876 -2337.11
103000 94505 -366.333 730228 -116897 54143.3 372.212 801.557 -2272.77
104000 95505 -467.944 730228 -116710 54156.4 290.105 732.076 -2426.01
105000 96505 -416.131 730228 -116859 54129.3 375.956 722.07 -2346.42
106000 97505 -428.144 730228 -116891 54102.1 375.728 716.424 -2376.58
107000 98505 -390.83 730228 -116835 54246 433.034 747.535 -2353.06
108000 99505 -351.541 730228 -116967 54188.8 466.639 779.003 -2300.26
109000 100505 -399.784 730228 -116904 54205.9 351.327 751.223 -2301.9
110000 101505 -428.954 730228 -116791 54230.1 415.142 667.187 -2369.19
111000 102505 -365.694 730228 -116839 54199 476.56 780.261 -2353.9
112000 103505 -378.122 730228 -116928 54194.1 497.719 727.733 -2359.82
113000 104505 -375.097 730228 -116940 54117.2 417.779 798.119 -2341.19
114000 105505 -379.521 730228 -117027 54226.3 446.752 791.95 -2377.27
115000 106505 -384.317 730228 -117117 54151.5 370.479 816.399 -2339.83
116000 107505 -393.012 730228 -117086 54160.9 399.543 785.266 -2363.84
117000 108505 -372.535 730228 -116935 54194.4 459.927 763.649 -2341.18
118000 109505 -430.627 730228 -116892 54197.5 381.495 723.834 -2397.21
119000 110505 -345.873 730228 -116904 54200.2 431.084 852.755 -2321.46
120000 111505 -396.963 730228 -117115 54104 414.108 749.479 -2354.48
121000 112505 -349.427 730228 -117058 54187.1 452.945 813.832 -2315.06
122000 113505 -374.556 730228 -117134 54172.3 450.678 787.478 -2361.82
123000 114505 -440.959 730228 -116997 54177.7 288.225 768.854 -2379.96
124000 115505 -434.974 730228 -116901 54176.1 337.251 732.359 -2374.53
125000 116505 -373.45 730228 -117056 54154.7 418.573 829.024 -2367.95
126000 117505 -398.502 730228 -117170 54114.1 426.148 779.111 -2400.76
127000 118505 -375.367 730228 -116995 54225 449.012 827.556 -2402.67
128000 119505 -438.431 730228 -116934 54189.8 357.881 799.055 -2472.23
129000 120505 -385.987 730228 -116871 54276.6 483.717 821.321 -2463
130000 121505 -414.456 730228 -117013 54099.8 420.194 795.074 -2458.63
131000 122505 -435.621 730228 -116987 54160.8 398.2 728.745 -2433.81
132000 123505 -377.797 730228 -117071 54188 455.2 786.003 -2374.6
133000 124505 -424.963 730228 -116876 54158.3 388.112 763.484 -2426.49
134000 125505 -409.829 730228 -117107 54137.2 458.281 735.087 -2422.85
135000 126505 -439.573 730228 -117203 54093.2 434.53 686.411 -2439.66
136000 127505 -358.236 730228 -117137 54144.6 493.064 759.128 -2326.9
137000 128505 -436.825 730228 -117220 54245.7 365.542 713.212 -2389.23
138000 129505 -480.189 730228 -117302 54171.4 283.403 684.115 -2408.09
139000 130505 -454.946 730228 -117409 54153.8 395.551 668.936 -2429.33
140000 131505 -462.255 730228 -117329 54134.9 378.912 666.766 -2432.44
141000 132505 -443.888 730228 -117264 54172.3 418.108 716.643 -2466.41
142000 133505 -435.516 730228 -117292 54276.8 432.674 705.928 -2445.15
143000 134505 -510.347 730228 -117315 54178.3 303.958 637.041 -2472.04
144000 135505 -506.191 730228 -117424 54112.4 362.565 611.415 -2492.55
145000 136505 -520.289 730228 -117347 54200.5 330.832 615.605 -2507.3
146000 137505 -445.157 730228 -117538 54134.1 394.982 659.719 -2390.17
147000 138505 -500.854 730228 -117417 54192.6 341.553 691.249 -2535.36
148000 139505 -419.817 730228 -117335 54154 429.465 666.835 -2355.75
149000 140505 -410.065 730228 -117303 54276.5 385.178 758.291 -2373.66
150000 141505 -517.433 730228 -117508 54093.7 339.791 614.531 -2506.62
151000 142505 -401.394 730228 -117616 54080.7 446.347 681.447 -2331.98
152000 143505 -441.908 730228 -117488 54163.5 350.795 673.78 -2350.3
153000 144505 -381.176 730228 -117361 54177.9 424.572 744.896 -2313
154000 145505 -414.682 730228 -117351 54245.3 449.187 708.746 -2401.98
155000 146505 -434.425 730228 -117391 54142.8 380.251 730.446 -2413.97
156000 147505 -455.467 730228 -117162 54265.7 333.51 682.312 -2382.22
157000 148505 -448.734 730228 -117260 54194.2 369.126 681.044 -2396.37
158000 149505 -456.211 730228 -117452 54114.6 403.112 649.455 -2421.2
159000 150505 -493.9 730228 -117297 54158.4 372.415 595.849 -2449.96
160000 151505 -372.425 730228 -117263 54244 460.328 727.653 -2305.25
161000 152505 -457.572 730228 -117163 54238.7 305.103 655.108 -2332.93
162000 153505 -521.109 730228 -117330 54159.9 275.452 593.114 -2431.89
163000 154505 -470.596 730228 -117282 54247 345.61 646.888 -2404.29
164000 155505 -421.949 730228 -117305 54193 422.356 674.54 -2362.74
165000 156505 -493.644 730228 -117313 54112.9 337.97 658.036 -2476.94
166000 157505 -467.716 730228 -117365 54257.2 392.899 681.387 -2477.43
167000 158505 -528.947 730228 -117412 54141.7 344.645 596.862 -2528.35
168000 159505 -519.66 730228 -117342 54195.5 272.423 584.64 -2416.04
169000 160505 -487.281 730228 -117361 54176.2 349.995 683.052 -2494.89
170000 161505 -474.046 730228 -117484 54170.5 373.477 649.58 -2445.2
171000 162505 -442.769 730228 -117505 54142 330.197 771.744 -2430.25
172000 163505 -433.22 730228 -117402 54162.4 394.369 761.302 -2455.33
173000 164505 -498.048 730228 -117473 54177.3 319.269 703.606 -2517.02
174000 165505 -583.088 730228 -117389 54164.4 248.092 583.807 -2581.16
175000 166505 -516.897 730228 -117541 54147.9 288.84 643.75 -2483.28
176000 167505 -543.732 730228 -117592 54100.5 248.786 626.961 -2506.94
177000 168505 -531.708 730228 -117425 54163.6 305.463 625.496 -2526.08
178000 169505 -481.616 730228 -117305 54204.9 283.328 695.683 -2423.86
179000 170505 -451.008 730228 -117597 54154.3 377.148 665.824 -2396
180000 171505 -494.974 730228 -117510 54143.5 260.91 757.111 -2502.94
181000 172505 -444.608 730228 -117504 54079.2 402.005 654.079 -2389.91
182000 173505 -468.717 730228 -117378 54217.5 319.17 667.153 -2392.48
183000 174505 -487.101 730228 -117460 54216 323.773 677.817 -2462.89
184000 175505 -471.87 730228 -117496 54155.8 371.672 721.859 -2509.14
185000 176505 -525.836 730228 -117353 54236.6 313.295 634.87 -2525.67
186000 177505 -525.21 730228 -117372 54204.9 329.776 528.703 -2434.11
187000 178505 -463.051 730228 -117432 54253.3 349.206 701.149 -2439.51
188000 179505 -492.53 730228 -117402 54169 320.73 647.873 -2446.19
189000 180505 -480.217 730228 -117525 54147 350.071 655.037 -2445.76
190000 181505 -545.175 730228 -117708 54136.1 299.254 550.541 -2485.32
191000 182505 -496.344 730228 -117603 54168.6 391.622 618.068 -2498.72
192000 183505 -468.385 730228 -117625 54154.3 369.541 617.303 -2392
193000 184505 -539.05 730228 -117571 54136.7 280.658 623.749 -2521.56
194000 185505 -512.424 730228 -117580 54125.3 263.781 620.375 -2421.43
195000 186505 -437.708 730228 -117591 54159 403.138 688.77 -2405.03
196000 187505 -537.946 730228 -117522 54217.6 344.608 570.603 -2529.05
197000 188505 -553.527 730228 -117701 54092.8 346.846 546.162 -2553.59
198000 189505 -544.664 730228 -117805 54087.5 318.038 576.923 -2528.95
199000 190505 -516.447 730228 -117803 54180.1 341.313 603.747 -2494.4
200000 191505 -561.181 730228 -117750 54178.7 306.256 595.863 -2585.66
201000 192505 -598.364 730228 -117782 54127.7 281.998 540.529 -2617.62
202000 193505 -594.195 730228 -117828 54077.4 309.942 498.483 -2591.01
203000 194505 -473.731 730228 -117845 54132.9 400.874 649.979 -2472.05
204000 195505 -500.324 730228 -117710 54199.3 366.558 659.714 -2527.25
205000 196505 -547.201 730228 -117840 54191.7 305.904 565.134 -2512.64
206000 197505 -544.199 730228 -117786 54137.5 307.162 565.737 -2505.5
207000 198505 -563.8 730228 -117874 54177.8 322.485 512.523 -2526.41
208000 199505 -543.684 730228 -117853 54126.4 353.769 492.189 -2477.01
209000 200758 -500.837 730228 -117313 54097.2 382.166 556.349 -2441.03
210000 202258 -526.314 730228 -117318 54176.8 411.517 495.274 -2485.73
211000 203758 -571.963 730228 -117325 54188.9 325.177 507.046 -2548.11
212000 205258 -529.877 730228 -117249 54160.3 317.723 536.394 -2443.75
213000 206758 -501.135 730228 -117268 54213 388.294 541.219 -2432.92
214000 208258 -522.118 730228 -117224 54170.5 362.364 536.793 -2465.51
215000 209758 -462.918 730228 -117285 54221.2 425.765 575.275 -2389.79
216000 211258 -519.14 730228 -117483 54127 361.505 556.182 -2475.11
217000 212758 -499.218 730228 -117494 54140.5 365.379 560.496 -2423.53
218000 214258 -510.851 730228 -117517 54121.3 334.804 545.859 -2413.22
219000 215758 -501.771 730228 -117458 54130.3 330.794 571.826 -2407.93
220000 217258 -571.568 730228 -117462 54132.2 275.403 493.487 -2483.6
221000 218758 -579.231 730228 -117395 54200.5 294.887 490.108 -2522.69
222000 220258 -542.337 730228 -117468 54171.9 314.943 534.146 -2476.1
223000 221758 -577.046 730228 -117234 54245.1 294.307 530.242 -2555.69
224000 223258 -578.053 730228 -117379 54171.6 328.884 486.251 -2549.29
225000 224758 -541.803 730228 -117292 54230.6 309.175 551.706 -2486.29
226000 226258 -517.781 730228 -117284 54191.3 396.197 525.589 -2475.13
227000 227758 -523.147 730228 -117385 54174.4 304.175 518.375 -2391.99
228000 229258 -479.939 730228 -117492 54109.8 375.805 630.828 -2446.45
229000 230758 -509.794 730228 -117283 54189.4 276.609 648.996 -2454.99
230000 232258 -510.084 730228 -117404 54203.6 312.176 570.795 -2413.22
231000 233758 -457.473 730228 -117396 54218.3 400.33 538.553 -2311.3
232000 235258 -481.436 730228 -117450 54152.4 384.372 495.831 -2324.51
233000 236758 -446.372 730228 -117227 54175.1 391.336 615.43 -2345.88
234000 238258 -457.26 730228 -117313 54198.7 342.918 607.284 -2321.98
235000 239758 -522.925 730228 -117437 54152.9 349.686 517.822 -2436.28
236000 241258 -529.488 730228 -117413 54207.5 276.748 553.415 -2418.63
237000 242758 -486.153 730228 -117422 54203.5 331.172 583.432 -2373.06
238000 244258 -539.978 730228 -117531 54158.6 296.371 510.209 -2426.51
239000 245758 -551.206 730228 -117518 54184.7 297.372 545.061 -2496.05
240000 247258 -506.031 730228 -117635 54174.7 296.943 595.229 -2410.27
241000 248758 -577.089 730228 -117719 54150.8 197.871 537.357 -2466.5
242000 250258 -534.274 730228 -117867 54098.3 310.686 545.432 -2458.94
243000 251758 -616.357 730228 -117661 54183.2 254.189 475.626 -2578.89
244000 253258 -549.233 730228 -117654 54219.8 287.598 552.398 -2487.7
245000 254758 -511.438 730228 -117789 54147.2 276.219 634.833 -2445.37
246000 256258 -480.088 730228 -117671 54198.4 370.061 647.118 -2457.44
247000 257758 -487.239 730228 -117795 54114.8 289.724 631.545 -2382.99
248000 259258 -525.593 730228 -117817 54165.2 237.612 595.035 -2409.43
249000 260758 -540.67 730228 -117715 54161.6 234.538 537.275 -2393.82
250000 262258 -575.027 730228 -117691 54155.4 215.489 523.773 -2464.34
251000 263758 -561.786 730228 -117602 54160.5 217.766 512.075 -2415.2
252000 265258 -492.301 730228 -117776 54132.3 341.985 566.337 -2385.22
253000 266758 -495.888 730228 -117733 54228.6 346.361 562.063 -2396.09
254000 268258 -549.81 730228 -117749 54142.8 311.22 490.064 -2450.71
255000 269758 -555.227 730228 -117955 54098.4 272.101 574.239 -2512.02
256000 271258 -561.625 730228 -117747 54161.4 289.34 548.255 -2522.47
257000 272758 -555.283 730228 -117654 54202.6 291.776 514.895 -2472.52
258000 274258 -588.437 730228 -117702 54201.8 294.828 491.919 -2552.06
259000 275758 -558.651 730228 -117737 54188.3 319.184 552.422 -2547.56
260000 277258 -587.986 730228 -117742 54156.1 313.574 507.356 -2584.89
261000 278758 -591.328 730228 -117741 54233.6 290.053 574.457 -2638.5
262000 280258 -578.185 730228 -117936 54202.6 256.677 571.22 -2562.45
263000 281758 -579.256 730228 -117823 54222.9 256.797 544.905 -2539.47
264000 283258 -630.962 730228 -117850 54121.3 205.473 485.526 -2583.88
265000 284758 -579.436 730228 -117658 54281.5 241.465 510.314 -2490.09
266000 286258 -566.502 730228 -117960 54156.8 267.304 542.089 -2508.9
267000 287758 -519.888 730228 -117832 54231.2 273.945 591.96 -2425.57
268000 289258 -499.755 730228 -117915 54197.3 313.958 569.773 -2383
269000 290758 -595.335 730228 -117807 54195 279.766 547.659 -2613.43
270000 292258 -558.699 730228 -117779 54279.2 297.775 557.053 -2530.93
271000 293758 -518.486 730228 -117856 54128.9 364.726 579.354 -2499.54
272000 295258 -510.464 730228 -117926 54130.6 358.966 584.566 -2474.92
273000 296758 -575.169 730228 -117889 54168.1 216.266 521.309 -2463.08
274000 298258 -532.785 730228 -117964 54204.6 289.273 526.019 -2413.65
275000 299758 -548.039 730228 -117990 54211.9 349.619 457.558 -2451.29
276000 301258 -547.467 730228 -117846 54227.7 311.724 528.499 -2482.62
277000 302758 -598.905 730228 -117813 54188.5 285.481 420.16 -2502.35
278000 304258 -538.515 730228 -117902 54169.4 300.22 502.682 -2418.45
279000 305758 -557.784 730228 -117953 54168.6 255.641 514.1 -2443.09
280000 307258 -516.688 730228 -117966 54189.4 359.24 550.07 -2459.37
281000 308758 -541.181 730228 -117934 54118 277.914 529.084 -2430.54
282000 310258 -520.543 730228 -117920 54162.1 275.582 552.766 -2389.98
283000 311758 -565.773 730228 -118041 54160.6 280.424 493.494 -2471.24
284000 313258 -540.932 730228 -117957 54220.4 270.032 590.803 -2483.63
285000 314758 -543.677 730228 -118029 54196 271.83 523.08 -2425.94
286000 316258 -543.015 730228 -117837 54200.2 282.837 534.413 -2446.29
287000 317758 -604.914 730228 -118090 54123.6 302.808 483.214 -2600.76
288000 319258 -598.405 730228 -117836 54198.2 275.838 466.397 -2537.45
289000 320758 -574.337 730228 -118023 54130.1 277.943 501.747 -2502.7
290000 322258 -588.015 730228 -118035 54227.6 269.583 513.026 -2546.65
291000 323758 -625.005 730228 -118069 54154.9 251.284 426.826 -2553.13
292000 325258 -632.659 730228 -118166 54167.4 195.076 490.009 -2583.06
293000 326758 -583.786 730228 -118167 54175.5 227.289 541.08 -2519.73
294000 328258 -573.373 730228 -118054 54213.1 300.547 473.014 -2493.68
295000 329758 -567.662 730228 -118129 54222.1 305.908 489.82 -2498.71
296000 331258 -609.302 730228 -118230 54143.4 233.299 452.297 -2513.5
297000 332758 -583.344 730228 -118255 54161.2 298.958 491.882 -2540.87
298000 334258 -569.771 730228 -118277 54125.4 294.114 487.291 -2490.72
299000 335758 -598.782 730228 -118087 54174.4 267.132 455.371 -2518.85
300000 337258 -641.115 730228 -118107 54163.8 188.577 463.746 -2575.67
301000 338758 -672.323 730228 -118131 54133.6 167.451 361.445 -2545.86
302000 340258 -685.688 730228 -118233 54123.9 181.876 344.908 -2583.85
303000 341758 -702.452 730228 -118260 54109 154.612 359.147 -2621.12
304000 343258 -672.877 730228 -118143 54172 151.161 415.934 -2585.73
305000 344758 -590.689 730228 -118079 54218.3 258.634 463.472 -2494.17
306000 346258 -590.261 730228 -118158 54160.2 252.252 462.038 -2485.07
307000 347758 -563.572 730228 -117944 54257.8 331.031 489.109 -2510.86
308000 349258 -607.827 730228 -118191 54194.5 287.165 420.43 -2531.08
309000 350758 -624.826 730228 -118105 54190.7 291.088 387.859 -2553.42
310000 352258 -616.534 730228 -117933 54168.5 210.32 428.666 -2488.59
311000 353758 -575.385 730228 -118035 54249.3 313.062 467.854 -2507.07
312000 355258 -576.371 730228 -118175 54192.7 285.236 500.317 -2514.67
313000 356758 -611.162 730228 -118262 54124.1 246.481 471.034 -2551
314000 358258 -631.936 730228 -118084 54194.3 223.133 446.386 -2565.33
315000 359758 -645.249 730228 -118064 54140.4 255.653 433.747 -2625.15
316000 361258 -600.507 730228 -117991 54162.6 248.74 490.299 -2540.56
317000 362758 -529.913 730228 -118137 54127.6 324.315 527.942 -2442
318000 364258 -574.463 730228 -118107 54184.1 291.964 484.84 -2500.19
319000 365758 -474.639 730228 -118076 54151.5 420.329 553.253 -2397.5
320000 367258 -523.871 730228 -118235 54100.8 329.811 573.699 -2475.12
321000 368758 -566.412 730228 -118002 54154.1 258.61 509.235 -2467.08
322000 370258 -599.883 730228 -118240 54154.2 244.687 480.35 -2524.69
323000 371758 -572.093 730228 -118370 54111.2 310.323 454.313 -2480.91
324000 373258 -605.985 730228 -118277 54147 250.285 451.164 -2519.4
325000 374758 -651.88 730228 -118101 54184.8 167.776 414.032 -2537.45
326000 376258 -635.075 730228 -118238 54220.8 258.34 427.753 -2591.32
327000 377758 -613.06 730228 -118336 54152.5 216.838 487.354 -2543.37
328000 379258 -652.568 730228 -118338 54204.5 185.06 393.6 -2536.37
329000 380758 -549.531 730228 -118417 54127.8 298.073 487.567 -2434.23
330000 382258 -632.691 730228 -118432 54178.3 186.518 426.498 -2511.09
331000 383758 -642.764 730228 -118309 54255.5 146.398 414.493 -2489.18
332000 385258 -591.624 730228 -118360 54166.2 297.146 416.36 -2488.38
333000 386758 -550.892 730228 -118270 54164.1 337.636 471.847 -2462.16
334000 388258 -604.665 730228 -118346 54212.8 261.773 439.497 -2515.26
335000 389758 -554.071 730228 -118320 54222.2 288.563 541.39 -2492.17
336000 391258 -550.297 730228 -118271 54139.1 251.833 510.764 -2413.49
337000 392758 -533.54 730228 -118310 54238.7 319.799 509.903 -2430.32
338000 394258 -547.556 730228 -118249 54167.9 306.088 487.887 -2436.64
339000 395758 -591.017 730228 -118156 54197.1 238.352 472.157 -2483.56
340000 397258 -588.935 730228 -118324 54179.4 227.377 477.217 -2471.4
341000 398758 -599.582 730228 -118232 54203.1 232.337 514.839 -2545.92
342000 400258 -595.77 730228 -118358 54179.1 243.159 490.609 -2521.08
343000 401758 -616.413 730228 -118271 54199.3 250.414 390.081 -2489.73
344000 403258 -637.921 730228 -118351 54169.4 287.698 327.74 -2529.2
345000 404758 -607.854 730228 -118312 54135.5 261.274 432.001 -2516.84
346000 406258 -606.237 730228 -118536 54178.2 225.535 438.81 -2483.05
347000 407758 -589.798 730228 -118435 54187.1 256.73 461.676 -2487.8
348000 409258 -605.853 730228 -118253 54159.1 260.682 474.802 -2553.04
349000 410758 -582.934 730228 -118158 54243.7 270.225 495.254 -2514.28
350000 412258 -550.932 730228 -118249 54202.3 312.496 489.133 -2454.42
351000 413758 -610.81 730228 -118140 54210.5 212.55 485.203 -2530.18
352000 415258 -602.596 730228 -118293 54135.9 244.119 433.285 -2485.19
353000 416758 -592.602 730228 -118240 54172.6 223.979 453.849 -2455.63
354000 418258 -561.246 730228 -118253 54190.6 288.425 468.589 -2440.75
355000 419758 -547.517 730228 -118381 54165.6 259.427 505.214 -2407.19
356000 421258 -543.176 730228 -118332 54133 284.613 502.819 -2416.96
357000 422758 -510.708 730228 -118379 54166.1 293.769 552.494 -2378.39
358000 424258 -483.226 730228 -118352 54090.8 315.94 557.408 -2323.02
359000 425758 -527.201 730228 -118388 54149.6 237.255 564.285 -2383.14
360000 427258 -499.997 730228 -118429 54114.3 260.437 596.012 -2356.44
361000 428758 -531.321 730228 -118426 54152.1 283.015 555.364 -2432.34
362000 430258 -549.622 730228 -118459 54219.1 224.775 525.485 -2399.13
363000 431758 -546.197 730228 -118335 54141.1 263.708 523.602 -2425.9
364000 433258 -537.969 730228 -118411 54143.6 237.525 565.63 -2417.06
365000 434758 -567.099 730228 -118474 54180.3 254.408 527.954 -2483.66
366000 436258 -605.028 730228 -118466 54196.9 175.584 479.593 -2470.26
367000 437758 -585.635 730228 -118452 54162.5 199.73 465.05 -2421.68
368000 439258 -618.851 730228 -118410 54215.1 148.031 418.853 -2423.44
369000 440758 -522.981 730228 -118436 54178 252.901 477.852 -2299.7
370000 442258 -549.012 730228 -118431 54127.1 239.448 450.891 -2337.38
371000 443758 -576.265 730228 -118358 54241.2 202.725 457.029 -2388.55
372000 445258 -556.75 730228 -118465 54158 262.107 476.606 -2408.96
373000 446758 -559.968 730228 -118474 54210.3 287.809 460.661 -2428.37
374000 448258 -572.954 730228 -118396 54217.2 246.298 472.458 -2437.62
375000 449758 -588.603 730228 -118611 54210.2 257.428 447.153 -2470.39
376000 451258 -601.192 730228 -118413 54172.2 272.753 399.33 -2475.66
377000 452758 -604.064 730228 -118408 54197.4 295.223 394.442 -2501.86
378000 454258 -626.188 730228 -118389 54192 217.598 422.178 -2518.34
379000 455758 -562.094 730228 -118579 54140.4 244.855 466.065 -2397.2
380000 457258 -585.527 730228 -118396 54220.7 230.698 462.8 -2450.08
381000 458758 -593.981 730228 -118581 54133.7 280.194 439.29 -2501.43
382000 460258 -580.542 730228 -118609 54190.6 298.092 430.967 -2470.69
383000 461758 -558.293 730228 -118514 54185.3 342.643 495.064 -2512.59
384000 463258 -568.476 730228 -118428 54224.1 275.164 477.425 -2458.02
385000 464758 -549.528 730228 -118377 54203.8 279.453 483.327 -2411.36
386000 466258 -600.319 730228 -118297 54212.7 246.008 462.312 -2509.28
387000 467758 -598.178 730228 -118280 54223.9 259.486 415.295 -2469.31
388000 469258 -653.653 730228 -118475 54130.9 222.964 388.995 -2572.92
389000 470758 -595 730228 -118293 54239.5 289.202 469.186 -2543.39
390000 472258 -614.635 730228 -118555 54147.7 270.616 431.166 -2545.69
391000 473758 -623.996 730228 -118514 54114.6 212.13 447.685 -2531.8
392000 475258 -644.698 730228 -118470 54224.9 221.852 404.486 -2560.43
393000 476758 -574.895 730228 -118490 54171.9 346.885 403.376 -2474.95
394000 478258 -586.619 730228 -118674 54116.7 260.728 443.804 -2464.39
395000 479758 -553.387 730228 -118489 54229.4 332.418 421.274 -2413.85
396000 481258 -556.323 730228 -118570 54174.5 277.223 482.08 -2428.27
397000 482758 -642.03 730228 -118728 54146.9 169.673 407.227 -2502.99
398000 484258 -598.093 730228 -118570 54166.2 228.568 428.787 -2451.63
399000 485758 -604.357 730228 -118644 54220 171.905 479.259 -2464.23
400000 487258 -603.237 730228 -118672 54210.9 167.815 495.502 -2473.03
401000 488758 -582.292 730228 -118607 54212.4 215.168 466.23 -2428.27
402000 490258 -632.131 730228 -118779 54160.1 177.608 373.032 -2447.03
403000 491758 -557.7 730228 -118685 54206.3 266.093 474.459 -2413.65
404000 493258 -572.299 730228 -118632 54157.7 272.708 450.505 -2440.11
405000 494758 -604.549 730228 -118609 54156.9 184.694 509.395 -2507.74
406000 496258 -584.105 730228 -118736 54155.5 267.652 473.925 -2493.89
407000 497758 -563.214 730228 -118823 54127.3 262.217 492.931 -2444.79
408000 499258 -536.672 730228 -118627 54168.7 247.716 531.926 -2389.66
409000 500758 -525.367 730228 -118660 54165.5 299.145 523.77 -2399.02
410000 502258 -561.16 730228 -118638 54188.6 250.341 538.438 -2472.26
411000 503758 -590.805 730228 -118629 54181.4 244.9 500.779 -2518.09
412000 505258 -643.879 730228 -118671 54200.2 192.398 405.743 -2529.78
413000 506758 -612.879 730228 -118795 54126.5 227.624 413.799 -2480.06
414000 508258 -693.963 730228 -118641 54203.2 96.3171 407.425 -2585.63
415000 509758 -633.982 730228 -118716 54205.2 185.689 499.454 -2587.09
416000 511258 -686.851 730228 -118807 54141.7 168.258 411.138 -2639.95
417000 512758 -604.907 730228 -118670 54186.6 181.939 474.538 -2471.2
418000 514258 -618.882 730228 -118608 54208.3 177.844 466.853 -2501.34
419000 515758 -593.308 730228 -118775 54148.6 175.511 504.261 -2459.7
420000 517258 -606.021 730228 -118647 54165.2 167.63 440.119 -2425.81
421000 518758 -593.027 730228 -118673 54173.6 199.773 450.469 -2429.32
422000 520258 -602.972 730228 -118731 54145.6 185.217 414.351 -2408.49
423000 521758 -560.597 730228 -118643 54176.5 267.124 428.189 -2377.1
424000 523258 -652.757 730228 -118753 54173.3 170.089 416.249 -2544.61
425000 524758 -594.472 730228 -118821 54222.1 207.864 447.745 -2439.02
426000 526258 -653.605 730228 -118701 54147.3 71.4556 422.311 -2454.58
427000 527758 -628.438 730228 -118759 54125.7 143.247 453.999 -2482.56
428000 529258 -587.172 730228 -118740 54108 165.008 447.879 -2374.4
429000 530758 -595.542 730228 -118738 54202.1 178.947 452.014 -2417.59
430000 532258 -588.515 730228 -118730 54123.5 188.618 461.741 -2415.9
431000 533758 -619.064 730228 -118736 54130.9 180.372 430.073 -2467.64
432000 535258 -621.371 730228 -118642 54133.6 140.143 437.252 -2441.51
433000 536758 -542.844 730228 -118815 54135.7 219.868 542.766 -2391.17
434000 538258 -582.783 730228 -118794 54122.6 188.658 475.593 -2412.6
435000 539758 -591.415 730228 -118695 54222.5 203.044 464.38 -2441.67
436000 541258 -612.556 730228 -118845 54136.5 118.834 460.751 -2417.25
437000 542758 -586.798 730228 -118762 54147.1 167.78 464.028 -2392.2
438000 544258 -547.881 730228 -118705 54228 208.164 513.321 -2365.13
439000 545758 -561.208 730228 -118741 54168.5 226.445 468.115 -2378.18
440000 547258 -573.422 730228 -118802 54184.9 222.973 432.256 -2375.5
441000 548758 -544.756 730228 -118798 54237 262.165 469.357 -2365.79
442000 550258 -570.247 730228 -118901 54149.9 229.686 412.797 -2353.22
443000 551758 -571.338 730228 -118743 54182.6 196.698 477.042 -2387.75
444000 553258 -539.134 730228 -118761 54137.4 257.752 525.856 -2401.01
445000 554758 -530.384 730228 -118785 54191.1 258.847 518.875 -2368.87
446000 556258 -559.158 730228 -118844 54145.1 251.068 498.017 -2426.56
447000 557758 -503.961 730228 -118849 54179 318.291 479.027 -2309.2
448000 559258 -570.164 730228 -118871 54129.8 213.049 473.79 -2397.33
449000 560758 -579.414 730228 -118812 54222 257.025 443.162 -2438.43
450000 562258 -617.667 730228 -118708 54235.1 192.988 442.144 -2488.13
451000 563758 -650.574 730228 -118948 54076 158.368 415.582 -2525.67
452000 565258 -683.582 730228 -118718 54145.3 91.8151 402.054 -2544.62
453000 566758 -637.255 730228 -118715 54202.9 160.906 384.18 -2456.85
454000 568258 -583.065 730228 -118665 54210.6 256.589 458.619 -2464.4
455000 569758 -608.117 730228 -118642 54173.2 152.861 498.448 -2475.66
456000 571258 -623.257 730228 -118663 54190.7 192.117 418.233 -2480.12
457000 572758 -636.546 730228 -118726 54223.3 153.74 448.972 -2512.35
458000 574258 -590.081 730228 -118896 54137.7 203.858 461.854 -2435.96
459000 575758 -619.143 730228 -118879 54181.1 195.765 389.84 -2443.03
460000 577258 -632.494 730228 -118941 54159.9 198.157 409.595 -2505.24
461000 578758 -631.368 730228 -118950 54160.2 180.818 436.925 -2511.85
462000 580258 -619.296 730228 -118878 54199.2 157.159 459.815 -2474.86
463000 581758 -622.755 730228 -118955 54138.7 143.213 461.845 -2473.32
464000 583258 -634.72 730228 -118856 54145.6 125.905 491.286 -2521.35
465000 584758 -701.924 730228 -118928 54121 113.708 441.945 -2661.42
466000 586258 -637.839 730228 -118990 54154.5 165.384 419.063 -2497.97
467000 587758 -613.745 730228 -118844 54211 164.483 492.476 -2498.19
468000 589258 -590.991 730228 -118875 54242.1 220.55 460.57 -2454.09
469000 590758 -652.765 730228 -118999 54169.4 169.334 343.056 -2470.68
470000 592258 -626.091 730228 -118962 54206.1 179.078 399.961 -2457.31
471000 593758 -575.965 730228 -118881 54233 220.642 490.236 -2438.77
472000 595258 -564.982 730228 -119008 54190.6 203.044 478.066 -2376.06
473000 596758 -600.951 730228 -119047 54148 177.971 473.782 -2454.61
474000 598258 -610.886 730228 -119025 54124 155.695 467.866 -2456.22
475000 599758 -601.669 730228 -118915 54191.4 160.742 466.116 -2431.87
476000 601258 -569.179 730228 -118867 54189 176.008 464.787 -2348.33
477000 602758 -665.351 730228 -118918 54182.8 118.72 395.257 -2510.03
478000 604258 -580.536 730228 -118873 54217.2 221.805 480.006 -2443.42
479000 605758 -559.241 730228 -118887 54206.5 301.192 481.4 -2460.31
480000 607258 -651.429 730228 -118945 54168.8 143.931 387.445 -2485.66
481000 608758 -589.023 730228 -118962 54145.6 263.408 396.305 -2426.78
482000 610258 -632.988 730228 -119065 54152.1 143.973 395.25 -2438.19
483000 611758 -626.828 730228 -119034 54162.9 155.052 452.568 -2488.1
484000 613258 -605.852 730228 -118920 54179.7 190.206 471.578 -2479.34
485000 614758 -590.081 730228 -118852 54197.2 171 464.521 -2405.76
486000 616258 -643.788 730228 -118928 54181.1 135.742 445.401 -2512.51
487000 617758 -628.743 730228 -118951 54190.7 156.699 375.761 -2418.69
488000 619258 -632.636 730228 -118981 54152.1 148.555 351.174 -2397.64
489000 620758 -638.89 730228 -118997 54139.6 98.8399 387.599 -2403.11
490000 622258 -636.824 730228 -118914 54176.9 202.019 370.001 -2482.49
491000 623758 -667.491 730228 -119059 54159.6 142.211 393.313 -2538
492000 625258 -584.654 730228 -119074 54166.2 197.754 478.729 -2430.44
493000 626758 -592.52 730228 -118955 54209.5 183.275 461.299 -2422.14
494000 628258 -591.37 730228 -118978 54153.4 179.887 463.108 -2417.1
495000 629758 -623.058 730228 -118963 54119.2 109.435 461.661 -2440.27
496000 631258 -549.882 730228 -118974 54149.7 201.795 491.643 -2343.08
497000 632758 -545.662 730228 -118937 54148.9 205.363 459.509 -2301.86
498000 634258 -587.38 730228 -119043 54163.4 161.787 474.218 -2398.15
499000 635758 -580.077 730228 -119154 54148.2 182.077 452.877 -2375.19
500000 637258 -575.451 730228 -119075 54101.8 214.435 454.72 -2395.51
501000 638758 -572.614 730228 -118953 54130.7 174.097 500.028 -2391.97
502000 640258 -583.639 730228 -118879 54213.9 128.867 477.361 -2357.15
503000 641758 -598.194 730228 -118998 54163 152.052 460.022 -2406.66
504000 643258 -594.575 730228 -118883 54150.6 213.015 410.395 -2407.14
505000 644758 -658.971 730228 -119038 54136.3 159.212 376.823 -2512.95
506000 646258 -669.077 730228 -119009 54200.5 112.242 367.954 -2487.43
507000 647758 -629.872 730228 -118961 54180 167.36 387.756 -2444.73
508000 649258 -629.683 730228 -118896 54181.2 224.047 350.538 -2463.63
509000 650758 -597.617 730228 -118977 54132.6 181.37 391.925 -2366.14
510000 652258 -630.726 730228 -118839 54156.5 196.444 350.392 -2439.01
511000 653758 -655.61 730228 -118777 54254.4 157.471 369.878 -2494.18
512000 655258 -578.304 730228 -118908 54231.7 251.35 439.902 -2426.16
513000 656758 -600.186 730228 -118868 54215.2 210.044 413.836 -2424.44
514000 658258 -682.76 730228 -119026 54158.6 143.253 311.911 -2503.44
515000 659758 -657.223 730228 -119026 54142.5 120.751 384.625 -2477.05
516000 661258 -654.675 730228 -118987 54206.5 151.116 368.322 -2483.46
517000 662758 -665.794 730228 -119158 54094.6 138.256 395.841 -2531.48
518000 664258 -658.588 730228 -118966 54181.8 206.643 350.191 -2532.6
519000 665758 -703.719 730228 -118993 54183 93.8098 324.026 -2528.99
520000 667258 -637.864 730228 -119056 54174.8 199.385 397.568 -2510.54
521000 668758 -702.567 730228 -119194 54125.9 83.5802 388.004 -2579.28
522000 670258 -678.792 730228 -119072 54193.3 114.081 367.938 -2518.4
523000 671758 -621.118 730228 -119083 54237.6 242.285 347.992 -2453.63
524000 673258 -703.855 730228 -119104 54172.6 152.349 272.086 -2536
525000 674758 -678.718 730228 -119145 54180.7 185.91 349.284 -2571.35
526000 676258 -657.228 730228 -119175 54114.9 164.075 372.265 -2508.03
527000 677758 -740.406 730228 -119248 54080.4 111.462 245.431 -2578.11
528000 679258 -636.75 730228 -119222 54143.3 196.98 378.12 -2485.35
529000 680758 -647.191 730228 -119068 54173.3 167.264 368.124 -2476.96
530000 682258 -613.529 730228 -118970 54188.3 249.975 362.877 -2453.44
531000 683758 -660.659 730228 -119223 54124.4 132.682 329.357 -2444.02
532000 685258 -647.31 730228 -119277 54144.8 202.75 296.585 -2441.27
533000 686758 -609.751 730228 -119273 54113.4 210.325 388.72 -2428.3
534000 688258 -577.911 730228 -119227 54094 273.354 363.164 -2370.25
535000 689758 -628.747 730228 -119160 54180.4 205.584 300.699 -2392.52
536000 691258 -637.339 730228 -119153 54153.4 138.511 337.828 -2388.35
537000 692758 -611.901 730228 -119186 54169.4 148.974 394.518 -2379.19
538000 694258 -654.184 730228 -119168 54123.9 152.454 313.786 -2428.79
539000 695758 -622.681 730228 -119204 54126.6 202.313 320.913 -2391.27
540000 697258 -637.576 730228 -119071 54188.5 153.2 346.755 -2412.68
541000 698758 -675.328 730228 -119066 54211.1 119.534 336.128 -2481.65
542000 700258 -664.485 730228 -119003 54184.8 158.153 346.949 -2498.56
543000 701758 -623.949 730228 -118979 54168.5 139.356 428.252 -2439.46
544000 703258 -618.131 730228 -119187 54147.7 144.725 417.824 -2416.94
545000 704758 -659.959 730228 -119234 54138.9 130.875 357.236 -2467.99
546000 706258 -632.506 730228 -119179 54142.6 145.554 339.554 -2382.63
547000 707758 -692.943 730228 -119447 54157.4 44.5166 305.592 -2428.94
548000 709258 -614.728 730228 -119226 54211 118.012 393.816 -2356.01
549000 710758 -536.645 730228 -119187 54256.8 211.969 454.954 -2276.86
550000 712258 -572.917 730228 -119236 54145.4 207.733 382.069 -2308.55
551000 713758 -681.336 730228 -119046 54202.5 77.9784 362.857 -2484.84
552000 715258 -603.406 730228 -119136 54194.9 147.532 371.367 -2329.12
553000 716758 -645.897 730228 -119137 54203.3 127.775 370.829 -2436.29
554000 718258 -592.981 730228 -119138 54163.3 201.152 432.883 -2412.98
555000 719758 -619.469 730228 -119138 54141.8 178.714 380.439 -2417.56
556000 721258 -630.561 730228 -119225 54167.5 230.705 338.424 -2460.81
557000 722758 -672.691 730228 -119022 54239.5 153.626 310.211 -2481.91
558000 724258 -643.168 730228 -119207 54167.6 244.631 314.226 -2488.36
559000 725758 -613.969 730228 -119065 54215.9 233.155 318.321 -2393.38
560000 727258 -654.678 730228 -119255 54130.1 212.809 292.43 -2469.27
561000 728758 -656.547 730228 -119279 54109.6 124.429 347.893 -2441.96
562000 730258 -646.827 730228 -119159 54143.1 158.226 349.267 -2447.97
563000 731758 -614.555 730228 -119034 54177.3 204.692 378.526 -2426.88
564000 733258 -621.099 730228 -119128 54227 164.027 404.624 -2431.95
565000 734758 -704.717 730228 -119274 54161.1 60.0497 306.726 -2480.93
566000 736258 -748.606 730228 -119308 54197.4 32.4564 262.293 -2540.57
567000 737758 -665.744 730228 -119278 54202.4 189.272 302.349 -2488.85
568000 739258 -687.474 730228 -119334 54166.6 127.64 290.596 -2480.66
569000 740758 -655.223 730228 -119324 54149.5 156.929 291.352 -2413.95
570000 742258 -620.063 730228 -119080 54263 176.561 340.848 -2377.6
571000 743758 -568.281 730228 -119046 54169.1 187.458 393.974 -2286.27
572000 745258 -612.455 730228 -119161 54144.2 162.857 353.956 -2354.18
573000 746758 -604.816 730228 -119283 54087.1 179.232 358.408 -2352.09
574000 748258 -543.415 730228 -119118 54150.1 272.672 407.838 -2310.75
575000 749758 -615.611 730228 -119137 54206.4 172.628 406.121 -2425.58
576000 751258 -595.877 730228 -119381 54131.5 155.459 418.29 -2361.38
577000 752758 -601.491 730228 -119204 54169.3 197.542 353.959 -2355.97
578000 754258 -574.233 730228 -119077 54195.4 209.84 372.043 -2304.58
579000 755758 -675.507 730228 -119259 54148.6 87.1758 350.511 -2464.21
580000 757258 -635.444 730228 -119127 54204.2 133.066 359.478 -2398.88
581000 758758 -637.25 730228 -119277 54186.9 132.347 389.308 -2433.41
582000 760258 -626.371 730228 -119263 54156.9 181.362 350.635 -2411.11
583000 761758 -627.044 730228 -119138 54215.6 182.93 329.107 -2393.17
584000 763258 -645.709 730228 -119203 54158.6 130.311 349.362 -2416.8
585000 764758 -606.525 730228 -119305 54199.3 147.459 414.527 -2381.56
586000 766258 -691.505 730228 -119521 54117.4 105.996 278.339 -2458.85
587000 767758 -591.381 730228 -119240 54143.1 211.695 379.48 -2365.32
588000 769258 -573.176 730228 -119295 54157.1 212.301 362.829 -2294.66
589000 770758 -654.56 730228 -119285 54087 154.104 289.817 -2407.6
590000 772258 -576.008 730228 -119261 54188.7 199.24 418.136 -2345.4
591000 773758 -602.341 730228 -119382 54183.3 178.144 404.603 -2389.77
592000 775258 -682.81 730228 -119450 54133.9 70.7908 399.47 -2518.69
593000 776758 -685.546 730228 -119250 54175.9 69.4416 301.872 -2427.95
594000 778258 -658.938 730228 -119172 54142.8 91.4709 360.367 -2428.65
595000 779758 -651.421 730228 -119268 54183.8 145.264 364.826 -2464.35
596000 781258 -653.463 730228 -119050 54189.4 155.907 305.535 -2421.83
597000 782758 -673.238 730228 -119177 54169.3 82.785 285.584 -2388.08
598000 784258 -671.232 730228 -119228 54104.4 67.174 302.219 -2383.09
599000 785758 -645.645 730228 -119282 54137.2 156.762 306.991 -2400.69
600000 787258 -624.478 730228 -119295 54151.7 136.621 308.64 -2318.69
601000 788758 -567.794 730228 -119171 54238.3 180.244 423.292 -2306.92
602000 790258 -640.905 730228 -119300 54155.5 159.455 331.473 -2413.64
603000 791758 -636.389 730228 -119333 54115.8 120.702 334.166 -2364.03
604000 793258 -665.514 730228 -119257 54223.2 171.29 249.475 -2417.31
605000 794758 -648.61 730228 -119225 54151.9 187.774 269.223 -2402.83
606000 796258 -608.056 730228 -119297 54243.8 197.097 371.314 -2392.58
607000 797758 -647.269 730228 -119349 54132.3 130.776 365.954 -2438.54
608000 799258 -643.603 730228 -119267 54174.7 108.994 356.862 -2396.67
609000 800758 -587.994 730228 -119220 54215.9 221.51 378.261 -2363.75
610000 802258 -605.428 730228 -119242 54171.8 220.308 355.173 -2391.76
611000 803758 -627.244 730228 -119261 54200.9 133.399 326.403 -2341.53
612000 805258 -607.556 730228 -119325 54137.9 202.422 346.911 -2372
613000 806758 -609.055 730228 -119285 54149.2 167.844 339.404 -2334.41
614000 808258 -611.091 730228 -119446 54102.8 168.718 345.697 -2347.69
615000 809758 -643.633 730228 -119333 54152.2 145.141 311.021 -2387.06
616000 811258 -646.375 730228 -119431 54107.1 128.553 287.376 -2355.05
617000 812758 -615.767 730228 -119346 54130.3 129.456 326.17 -2302.93
618000 814258 -638.073 730228 -119415 54145.1 111.644 360.301 -2386.16
619000 815758 -635.125 730228 -119437 54147.2 127.189 342.166 -2374.73
620000 817258 -620.333 730228 -119273 54143.5 135.126 370.492 -2366.62
621000 818758 -550.007 730228 -119196 54247 247.276 445.104 -2342.4
622000 820258 -581.793 730228 -119233 54220.2 162.893 421.747 -2330.02
623000 821758 -617.098 730228 -119086 54226.8 131.957 399.837 -2383.09
624000 823258 -613.842 730228 -119149 54180.6 132.8 402.632 -2376.96
625000 824758 -640.644 730228 -119123 54175.4 129.298 363.14 -2414.37
626000 826258 -630.427 730228 -119150 54213 126.554 320.323 -2338.16
627000 827758 -624.324 730228 -119413 54130.7 98.4235 310.659 -2282.05
628000 829258 -646.941 730228 -119379 54203.1 115.666 273.822 -2330.31
629000 830758 -686.216 730228 -119206 54144.7 113.973 257.544 -2430.16
630000 832258 -652.759 730228 -119242 54143.2 112.895 277.85 -2349.02
631000 833758 -596.97 730228 -119304 54073.1 147.65 363.178 -2301.74
632000 835258 -601.38 730228 -119324 54146.7 158.433 373.261 -2335.84
633000 836758 -593.959 730228 -119458 54132.2 172.846 363.148 -2317.87
634000 838258 -606.879 730228 -119315 54153.4 120.106 377.002 -2317.74
635000 839758 -610.912 730228 -119339 54213.6 186.164 296.109 -2315.01
636000 841258 -565.103 730228 -119287 54190.5 166.216 397.298 -2258.82
637000 842758 -632.93 730228 -119291 54127.2 148.305 299.119 -2346.21
638000 844258 -612.316 730228 -119176 54120.8 167.788 318.426 -2323.16
639000 845758 -565.529 730228 -119262 54171.4 225.161 316.06 -2237.81
640000 847258 -585.04 730228 -119327 54163.6 191.675 337.324 -2284.12
641000 848758 -624.3 730228 -118988 54236.4 129.526 340.349 -2342.78
642000 850258 -645.281 730228 -119195 54122.6 130.306 300.26 -2366.41
643000 851758 -579.42 730228 -119161 54175.4 185.653 325.416 -2249.33
644000 853258 -620.462 730228 -119265 54182.1 148.623 307.545 -2317.55
645000 854758 -631.834 730228 -119059 54224.3 132.016 348.837 -2376.36
646000 856258 -657 730228 -119229 54179.8 145.096 320.742 -2436.84
647000 857758 -633.172 730228 -119192 54178.6 164.007 299.85 -2363.37
648000 859258 -693.115 730228 -119230 54187.8 133.66 230.616 -2443.62
649000 860758 -671.94 730228 -119278 54187.8 88.0048 280.698 -2384.52
650000 862258 -655.036 730228 -119151 54227.7 113.167 285.964 -2364.24
651000 863758 -698.911 730228 -119407 54131.9 52.6321 234.773 -2384.14
652000 865258 -638.623 730228 -119276 54187.8 137.631 282.814 -2336.31
653000 866758 -633.364 730228 -119221 54220.2 174.318 284.218 -2358.63
654000 868258 -638.033 730228 -119250 54184 162.361 283.433 -2359.89
655000 869758 -602.261 730228 -119221 54234.2 198.824 363.775 -2369.38
656000 871258 -679.463 730228 -119284 54116.4 146.532 265.182 -2450.1
657000 872758 -629.775 730228 -119289 54213.3 166.506 334.705 -2390.54
658000 874258 -669.121 730228 -119177 54202.7 174.167 312.28 -2493.81
659000 875758 -600.259 730228 -119200 54180.7 246.54 347.683 -2395
660000 877258 -596.6 730228 -119219 54178.2 223.142 330.589 -2343.53
661000 878758 -585.374 730228 -119131 54220 242.83 351.655 -2350.61
662000 880258 -570.306 730228 -119306 54202.4 227.42 348.859 -2287.2
663000 881758 -577.364 730228 -119503 54096.7 214.078 400.412 -2346.58
664000 883258 -543.695 730228 -119467 54099.4 262.953 399.026 -2293.06
665000 884758 -567.891 730228 -119295 54214.4 209.309 358.066 -2271.05
666000 886258 -547.63 730228 -119222 54222.1 232.635 383.815 -2259.34
667000 887758 -665.65 730228 -119230 54187.4 84.8712 276.803 -2358.62
668000 889258 -592.299 730228 -119463 54158.2 154.503 417.698 -2349.1
669000 890758 -630.646 730228 -119293 54176.9 106.932 332.944 -2331.81
670000 892258 -581.317 730228 -119335 54179.2 140.783 372.139 -2256.87
671000 893758 -578.353 730228 -119152 54240.3 233.282 345.423 -2313.76
672000 895258 -601.358 730228 -119291 54128.5 211.837 339.422 -2355.33
673000 896758 -572.355 730228 -119300 54167.9 171.059 402.596 -2290.72
674000 898258 -595.296 730228 -119250 54172.9 160.746 352.976 -2299.61
675000 899758 -608.878 730228 -119163 54214.1 63.5021 429.755 -2319.89
676000 901258 -603.118 730228 -119382 54157.5 130.838 396.31 -2336.5
677000 902758 -569.152 730228 -119320 54129.1 160.617 400.417 -2268.49
678000 904258 -593.762 730228 -119490 54170.4 191.947 369.323 -2342.56
679000 905758 -652.845 730228 -119368 54218.2 120.195 292.954 -2371.68
680000 907258 -674.972 730228 -119389 54239.7 119.264 284.289 -2428.47
681000 908758 -699.853 730228 -119561 54173 94.6686 254.147 -2448.37
682000 910258 -693.239 730228 -119435 54143.5 99.5199 248.182 -2427.42
683000 911758 -671.675 730228 -119402 54175.4 82.8967 351.942 -2449.86
684000 913258 -708.8 730228 -119488 54125.9 120.679 258.09 -2505.17
685000 914758 -644.802 730228 -119412 54142.2 133.891 338.056 -2406.35
686000 916258 -631.847 730228 -119483 54135.7 177.341 311.663 -2384.55
687000 917758 -590.37 730228 -119525 54158.3 247.237 353.57 -2371.92
688000 919258 -641.621 730228 -119363 54161.2 160.191 313.397 -2398.45
689000 920758 -600.669 730228 -119454 54145.7 214.813 339.093 -2355.91
690000 922258 -635.244 730228 -119508 54127.7 140.049 329.445 -2375.22
691000 923758 -706.161 730228 -119461 54099.3 57.1047 250.431 -2426.02
692000 925258 -640.412 730228 -119453 54213 139.465 317.268 -2377.97
693000 926758 -612.124 730228 -119514 54154.7 147.521 349.009 -2332.9
694000 928258 -677.453 730228 -119571 54123.2 -6.03748 370.041 -2396.36
695000 929758 -672.517 730228 -119515 54218.9 63.2735 312.82 -2393.64
696000 931258 -625.141 730228 -119523 54167.7 103.157 415.903 -2394.48
697000 932758 -600.135 730228 -119399 54167.1 224.109 369.55 -2394.06
698000 934258 -661.425 730228 -119352 54164.7 117.275 318.797 -2420.35
699000 935758 -650.926 730228 -119505 54130.2 177.116 323.534 -2453.43
700000 937258 -628.162 730228 -119391 54204.5 175.312 339.057 -2398.86
701000 938758 -675.03 730228 -119526 54182.7 118.251 309.899 -2453.24
702000 940258 -627.073 730228 -119519 54228.2 183.435 287.4 -2352.05
703000 941758 -651.216 730228 -119485 54148.3 123.405 331.251 -2408.3
704000 943258 -687.894 730228 -119513 54151.2 127.596 327.389 -2518.67
705000 944758 -676.487 730228 -119454 54136.6 86.9415 298.219 -2414.62
706000 946258 -663.422 730228 -119421 54183.4 86.6311 300.633 -2377.53
707000 947758 -693.025 730228 -119387 54158.8 126.491 222.287 -2427.85
708000 949258 -654.763 730228 -119445 54137.4 113.936 303.154 -2381.38
709000 950758 -676.154 730228 -119411 54158.3 88.1338 306.567 -2423.16
710000 952258 -629.107 730228 -119395 54169.3 150.043 363.122 -2400.49
711000 953758 -590.519 730228 -119478 54156.9 178.495 376.824 -2326.88
712000 955258 -645.09 730228 -119301 54185 101.396 323.923 -2360.59
713000 956758 -644.283 730228 -119519 54104 137.843 354.59 -2425.28
714000 958258 -661.177 730228 -119439 54165.1 114.624 301.021 -2399.18
715000 959758 -699.105 730228 -119285 54195.3 61.6865 261.848 -2420.85
716000 961258 -659.9 730228 -119311 54166.2 128.895 323.666 -2432.26
717000 962758 -616.099 730228 -119388 54167.5 184.253 340.947 -2373.5
718000 964258 -653.914 730228 -119396 54195.9 119.178 325.911 -2406.83
719000 965758 -642.464 730228 -119637 54127.5 138.44 271.177 -2337.01
720000 967258 -691.878 730228 -119535 54172.9 13.6886 318.317 -2407.64
721000 968758 -644.369 730228 -119461 54197.5 88.377 343.919 -2365.4
722000 970258 -671.755 730228 -119476 54153.2 95.8718 261.687 -2372.82
723000 971758 -596.642 730228 -119398 54165.5 154.089 324.026 -2268.04
724000 973258 -589.197 730228 -119197 54228.7 86.0843 365.391 -2219.07
725000 974758 -624.641 730228 -119331 54192.8 102.947 275.988 -2252.86
726000 976258 -581.35 730228 -119432 54156.2 132.911 332.152 -2209.11
727000 977758 -615.605 730228 -119430 54188.3 106.952 317.305 -2271.07
728000 979258 -731.466 730228 -119378 54220.5 17.069 218.541 -2430.01
729000 980758 -699.321 730228 -119532 54166.4 67.9536 231.555 -2397.47
730000 982258 -645.062 730228 -119488 54217.3 163.939 254.1 -2353.22
731000 983758 -605.743 730228 -119436 54181.5 173.962 286.324 -2277.52
732000 985258 -646.311 730228 -119444 54178.7 80.1371 262.442 -2281.51
733000 986758 -726.015 730228 -119435 54147.7 39.9958 215.241 -2433.28
734000 988258 -689.562 730228 -119217 54221.4 46.2887 208.326 -2323.3
735000 989758 -630.002 730228 -119368 54195.2 99.598 298.123 -2287.73
736000 991258 -604.223 730228 -119364 54226.4 174.058 278.052 -2264.78
737000 992758 -688.614 730228 -119414 54203.4 91.7118 244.78 -2402.33
738000 994258 -648.029 730228 -119538 54177.6 176.667 267.291 -2388.04
739000 995758 -621.638 730228 -119458 54173.3 95.6177 333.939 -2294.47
740000 997258 -599.447 730228 -119380 54206.4 197.769 310.014 -2306.12
741000 998758 -590.813 730228 -119390 54174.4 155.53 322.326 -2250.3
742000 1.00026e+06 -630.671 730228 -119561 54144 137.408 254.439 -2283.86
743000 1.00176e+06 -580.748 730228 -119426 54231.7 200.602 387.754 -2330.6
744000 1.00326e+06 -620.509 730228 -119391 54265.5 175.855 339.571 -2376.95
745000 1.00476e+06 -660.393 730228 -119471 54140.2 115.996 287.048 -2384.22
746000 1.00626e+06 -639.454 730228 -119502 54174.9 160.697 249.85 -2328.91
747000 1.00776e+06 -656.299 730228 -119495 54178 99.1972 290.981 -2359.08
748000 1.00926e+06 -683.597 730228 -119484 54132.6 93.7545 280.076 -2424.62
749000 1.01076e+06 -634.255 730228 -119428 54193.7 160.003 320.633 -2383.4
750000 1.01226e+06 -645.294 730228 -119482 54192.7 175.294 303.042 -2414.22
751000 1.01376e+06 -694.182 730228 -119502 54163.5 118.016 264.222 -2464.78
752000 1.01526e+06 -715.294 730228 -119489 54154.3 88.2039 218.443 -2452.53
753000 1.01676e+06 -639.695 730228 -119349 54179.1 181.847 237.633 -2338.57
754000 1.01826e+06 -683.265 730228 -119577 54124.3 96.2479 273.97 -2420.01
755000 1.01976e+06 -654.771 730228 -119489 54096.8 161.132 312.861 -2438.31
756000 1.02126e+06 -660.152 730228 -119490 54178.4 127.689 313.882 -2422.03
757000 1.02276e+06 -563.456 730228 -119441 54213.4 233.788 417.246 -2341.4
758000 1.02426e+06 -575.257 730228 -119460 54201.7 199.323 370.433 -2295.53
759000 1.02576e+06 -535.451 730228 -119540 54143.4 276.439 367.024 -2249.82
760000 1.02726e+06 -604.745 730228 -119717 54092.1 132.8 284.576 -2231.61
761000 1.02876e+06 -615.268 730228 -119669 54120.2 122.232 323.88 -2291.92
762000 1.03026e+06 -672.186 730228 -119416 54222 41.6828 261.186 -2319.43
763000 1.03176e+06 -634.996 730228 -119358 54259.5 99.7069 318.662 -2323.36
764000 1.03326e+06 -616.62 730228 -119373 54228.3 207.638 313.985 -2371.48
765000 1.03476e+06 -617.228 730228 -119399 54205.8 157.974 365.51 -2375.17
766000 1.03626e+06 -572.319 730228 -119603 54156.4 154.873 391.135 -2262.96
767000 1.03776e+06 -573.057 730228 -119543 54218.9 195.918 352.768 -2267.86
768000 1.03926e+06 -539.651 730228 -119421 54215.6 242.098 411.797 -2272.85
769000 1.04076e+06 -571.753 730228 -119569 54141.3 201.602 355.511 -2272.37
770000 1.04226e+06 -598.237 730228 -119568 54134.8 118.484 356.971 -2270.17
771000 1.04376e+06 -580.576 730228 -119599 54182.1 162.023 387.821 -2291.57
772000 1.04526e+06 -617.659 730228 -119558 54184.5 124.905 317.762 -2295.65
773000 1.04676e+06 -737.754 730228 -119616 54118.7 -9.91029 224.245 -2427.6
774000 1.04826e+06 -684.014 730228 -119645 54179.9 39.8205 275.052 -2366.92
775000 1.04976e+06 -665.895 730228 -119635 54153.1 91.1375 202.848 -2291.67
776000 1.05126e+06 -709.592 730228 -119518 54134.6 7.89556 277.129 -2413.8
777000 1.05276e+06 -664.788 730228 -119548 54208.5 147.396 249.339 -2391.1
778000 1.05426e+06 -595.13 730228 -119542 54183.3 206.05 341.243 -2332.68
779000 1.05576e+06 -606.998 730228 -119551 54194.8 166.976 346.655 -2334.62
780000 1.05726e+06 -636.891 730228 -119549 54192.2 113.588 328.652 -2352.91
781000 1.05876e+06 -594.889 730228 -119667 54105.2 180.058 345.401 -2310.13
782000 1.06026e+06 -567.621 730228 -119404 54208.5 212.505 336.118 -2251.49
783000 1.06176e+06 -589.28 730228 -119592 54127.4 210.777 341.658 -2320.28
784000 1.06326e+06 -609.881 730228 -119454 54195 174.316 329.144 -2333.1
785000 1.06476e+06 -563.521 730228 -119384 54164.6 224.272 367.446 -2282.28
786000 1.06626e+06 -604.232 730228 -119326 54172.7 209.369 319.725 -2341.79
787000 1.06776e+06 -566.418 730228 -119482 54148.2 188.464 383.951 -2271.67
788000 1.06926e+06 -568.164 730228 -119470 54204 176.956 403.649 -2285.1
789000 1.07076e+06 -584.434 730228 -119531 54142.1 174.19 341.457 -2268.95
790000 1.07226e+06 -667.302 730228 -119426 54193.5 109.35 248.259 -2359.51
791000 1.07376e+06 -600.674 730228 -119581 54195.6 156.676 346.933 -2305.63
792000 1.07526e+06 -609.101 730228 -119512 54186.8 177.355 338.959 -2343.62
793000 1.07676e+06 -631.274 730228 -119610 54196.3 143.821 331.255 -2368.9
794000 1.07826e+06 -613.632 730228 -119456 54185.3 181.143 290.394 -2312.43
795000 1.07976e+06 -643.845 730228 -119551 54125.5 105.83 309.496 -2346.86
796000 1.08126e+06 -618.732 730228 -119550 54205.8 168.343 301.749 -2326.29
797000 1.08276e+06 -643.064 730228 -119642 54119.5 153.703 289.913 -2372.81
798000 1.08426e+06 -638.814 730228 -119581 54136.4 82.301 332.369 -2331.11
799000 1.08576e+06 -647.895 730228 -119588 54195.6 107.638 271.032 -2322.35
800000 1.08726e+06 -672.766 730228 -119521 54142 78.4127 290.765 -2387.48
801000 1.08876e+06 -610.02 730228 -119541 54188.3 180.1 334.154 -2344.32
802000 1.09026e+06 -617.519 730228 -119540 54165.5 236.57 267.907 -2357.03
803000 1.09176e+06 -580.482 730228 -119607 54151.3 263.696 322.589 -2327.73
804000 1.09326e+06 -679.666 730228 -119580 54094.3 148.849 265.554 -2453.4
805000 1.09476e+06 -711.662 730228 -119694 54142.2 72.4614 244.717 -2452.17
806000 1.09626e+06 -678.842 730228 -119505 54219.5 113.886 296.111 -2446.52
807000 1.09776e+06 -614.301 730228 -119636 54165.8 153.621 381.163 -2377.69
808000 1.09926e+06 -704.746 730228 -119569 54144.3 47.2579 275.82 -2437.31
809000 1.10076e+06 -668.114 730228 -119578 54177 92.5979 341.974 -2438.91
810000 1.10226e+06 -620.956 730228 -119535 54165.4 174.308 334.544 -2371.72
811000 1.10376e+06 -616.924 730228 -119437 54174.4 154.437 323.83 -2329.04
812000 1.10526e+06 -569.089 730228 -119483 54160.6 202.991 360.551 -2270.81
813000 1.10676e+06 -585.144 730228 -119532 54173.5 223.807 326.965 -2306.2
814000 1.10826e+06 -622.294 730228 -119495 54174.7 103.236 308.875 -2278.99
815000 1.10976e+06 -597.402 730228 -119380 54153.4 184.162 331.527 -2307.89
816000 1.11126e+06 -658.702 730228 -119498 54155.2 109.91 296.328 -2382.34
817000 1.11276e+06 -641.617 730228 -119389 54238.1 133.676 327.765 -2386.29
818000 1.11426e+06 -666.979 730228 -119588 54110.8 89.761 317.177 -2407.87
819000 1.11576e+06 -599.166 730228 -119550 54141.4 157.105 331.639 -2286.24
820000 1.11726e+06 -575.764 730228 -119598 54139.5 193.268 355.54 -2276.1
821000 1.11876e+06 -603.095 730228 -119742 54102.1 212.316 289.471 -2311.07
822000 1.12026e+06 -597.864 730228 -119823 54106.9 166.612 344.107 -2304.31
823000 1.12176e+06 -588.587 730228 -119572 54234.1 218.718 341.57 -2326.05
824000 1.12326e+06 -644.084 730228 -119722 54160.8 147.96 318.22 -2398.43
825000 1.12476e+06 -642.366 730228 -119671 54218.4 124.529 306.072 -2357.7
826000 1.12626e+06 -605.15 730228 -119528 54174.1 151.138 329.584 -2296.17
827000 1.12776e+06 -556.027 730228 -119477 54225.9 187.18 417.545 -2272.81
828000 1.12926e+06 -664.72 730228 -119485 54176.3 92.8575 286.466 -2373.48
829000 1.13076e+06 -574.664 730228 -119530 54251.1 242.876 365.445 -2332.31
830000 1.13226e+06 -629.074 730228 -119601 54182 95.623 391.93 -2374.77
831000 1.13376e+06 -578.414 730228 -119539 54219 163.736 360.731 -2259.71
832000 1.13526e+06 -628.783 730228 -119651 54155.1 154.465 331.546 -2372.36
833000 1.13676e+06 -598.345 730228 -119593 54200.6 246.927 338.93 -2380.89
834000 1.13826e+06 -672.271 730228 -119500 54192.9 164.031 270.875 -2451.72
835000 1.13976e+06 -649.667 730228 -119523 54159.3 136.982 250.76 -2336.74
836000 1.14126e+06 -591.634 730228 -119486 54221.5 178.803 362.59 -2316.3
837000 1.14276e+06 -672.838 730228 -119666 54094.5 161.093 258.202 -2437.81
838000 1.14426e+06 -620.917 730228 -119664 54142.1 163.549 340.698 -2367
839000 1.14576e+06 -643.19 730228 -119683 54158.3 147.693 339.727 -2416.99
840000 1.14726e+06 -622.092 730228 -119673 54251.4 163.84 299.437 -2329.55
841000 1.14876e+06 -574.924 730228 -119641 54197.8 196.566 347.594 -2268.93
842000 1.15026e+06 -569.653 730228 -119687 54199.1 230.536 319.881 -2259.38
843000 1.15176e+06 -574.554 730228 -119534 54233.5 231.93 307.686 -2263.28
844000 1.15326e+06 -612.414 730228 -119478 54179.8 156.225 288.977 -2282.44
845000 1.15476e+06 -635.562 730228 -119651 54114.5 118.063 299.567 -2324.31
846000 1.15626e+06 -628.913 730228 -119467 54163.1 111.052 321.372 -2319.17
847000 1.15776e+06 -685.938 730228 -119554 54197.3 92.1382 239.195 -2389.15
848000 1.15926e+06 -602.972 730228 -119504 54255.4 185.46 345.565 -2339.94
849000 1.16076e+06 -673.693 730228 -119627 54151.9 61.1941 305.42 -2387.69
850000 1.16226e+06 -651.012 730228 -119600 54197.1 93.3289 316.96 -2363.32
851000 1.16376e+06 -645.769 730228 -119797 54144.7 138.55 255.302 -2331.16
852000 1.16526e+06 -654.255 730228 -119907 54125.3 152.622 258.323 -2373.71
853000 1.16676e+06 -649.061 730228 -119747 54174.5 153.732 259.246 -2360.16
854000 1.16826e+06 -612.941 730228 -119721 54140.9 129.771 355.22 -2323.81
855000 1.16976e+06 -603.292 730228 -119569 54238.2 132.529 323.393 -2265.8
856000 1.17126e+06 -683.288 730228 -119632 54190.7 55.4583 240.235 -2345.56
857000 1.17276e+06 -666.335 730228 -119644 54143.3 147.924 243.868 -2390.8
858000 1.17426e+06 -705.027 730228 -119533 54200 86.4878 237.094 -2438.66
859000 1.17576e+06 -675.749 730228 -119622 54157.4 105.772 297.285 -2430.3
860000 1.17726e+06 -628.991 730228 -119696 54165.5 139.528 285.595 -2312.1
861000 1.17876e+06 -672.762 730228 -119883 54110.7 128.27 276.539 -2423.1
862000 1.18026e+06 -659.843 730228 -119602 54172.7 158.089 223.568 -2361.19
863000 1.18176e+06 -607.542 730228 -119583 54185.7 194.862 273.418 -2290.91
864000 1.18326e+06 -648.812 730228 -119580 54232.3 169.417 252.67 -2368.52
865000 1.18476e+06 -617.244 730228 -119668 54182.6 183.048 307.382 -2342.16
866000 1.18626e+06 -609.515 730228 -119630 54263.5 175.559 353.093 -2357.2
867000 1.18776e+06 -612.243 730228 -119711 54184 145.653 308.013 -2290.4
868000 1.18926e+06 -582.687 730228 -119656 54169.3 188.279 387.702 -2324.04
869000 1.19076e+06 -602.293 730228 -119694 54112.9 210.548 349.993 -2367.42
870000 1.19226e+06 -571.123 730228 -119719 54149.9 211.606 356.501 -2281.47
871000 1.19376e+06 -592.782 730228 -119661 54178.7 205.124 325.837 -2309.31
872000 1.19526e+06 -609.587 730228 -119676 54144.2 161.856 313.014 -2303.63
873000 1.19676e+06 -598.504 730228 -119649 54200 161.144 349.821 -2306.48
874000 1.19826e+06 -618.935 730228 -119734 54182.3 141.866 330.776 -2329.45
875000 1.19976e+06 -633.655 730228 -119607 54170.1 144.407 320.342 -2365.71
876000 1.20126e+06 -624.074 730228 -119779 54129.2 157.46 323.697 -2353.38
877000 1.20276e+06 -603.311 730228 -119571 54210.5 170.456 331.538 -2311.93
878000 1.20426e+06 -573.028 730228 -119665 54148.1 195.66 339.58 -2254.32
879000 1.20576e+06 -633.318 730228 -119679 54136.2 179.976 294.428 -2374.36
880000 1.20726e+06 -620.419 730228 -119768 54128.9 103.355 316.237 -2280.85
881000 1.20876e+06 -650.8 730228 -119722 54191.4 80.6558 296.334 -2329.39
882000 1.21026e+06 -605.579 730228 -119775 54199.1 183.525 303.836 -2304.1
883000 1.21176e+06 -674.238 730228 -119776 54150.4 90.3484 257.834 -2370.9
884000 1.21326e+06 -647.824 730228 -119847 54140.8 128.592 314.759 -2386.82
885000 1.21476e+06 -664.854 730228 -119755 54182.5 110.575 272.134 -2377.27
886000 1.21626e+06 -672.179 730228 -119848 54140.3 82.465 260.299 -2359.3
887000 1.21776e+06 -652.589 730228 -119739 54087.8 39.3334 341.534 -2338.63
888000 1.21926e+06 -576.122 730228 -119712 54205 155.284 393.962 -2277.61
889000 1.22076e+06 -601.849 730228 -119727 54155.5 150.129 375.507 -2331.18
890000 1.22226e+06 -621.946 730228 -119499 54200.8 114.455 346.881 -2327.17
891000 1.22376e+06 -663.147 730228 -119689 54190.2 135.47 237.334 -2362.25
892000 1.22526e+06 -627.047 730228 -119835 54183.1 110.743 312.772 -2304.66
893000 1.22676e+06 -673.38 730228 -119733 54132.7 91.5196 228.15 -2339.81
894000 1.22826e+06 -611.446 730228 -119721 54119.6 140.987 323.383 -2298.71
895000 1.22976e+06 -614.348 730228 -119675 54208.3 198.167 277.982 -2319.19
896000 1.23126e+06 -591.763 730228 -119648 54203.4 147.476 397.545 -2320.31
897000 1.23276e+06 -614.127 730228 -119679 54125.3 172.754 351.548 -2366.68
898000 1.23426e+06 -663.978 730228 -119634 54118.4 94.1506 282.876 -2368.96
899000 1.23576e+06 -694.227 730228 -119599 54146.5 103.421 217.985 -2404.09
900000 1.23726e+06 -649.941 730228 -119651 54197.6 71.5162 319.903 -2341.24
901000 1.23876e+06 -669.745 730228 -119718 54142.3 97.3526 320.468 -2427.06
902000 1.24026e+06 -662.483 730228 -119723 54160.6 115.5 274.024 -2376.97
903000 1.24176e+06 -674.784 730228 -119618 54202.3 101.639 292.625 -2418.62
904000 1.24326e+06 -641.494 730228 -119756 54146.5 143.661 324.285 -2392.43
905000 1.24476e+06 -570.21 730228 -119785 54131.9 218.539 361.721 -2290.89
906000 1.24626e+06 -554.699 730228 -119897 54131.8 241.989 364.486 -2270.57
907000 1.24776e+06 -556.713 730228 -119864 54159.3 231.952 361.11 -2263.2
908000 1.24926e+06 -613.653 730228 -119827 54148.5 174.911 324.545 -2340.41
909000 1.25076e+06 -641.195 730228 -119823 54172.7 116.418 250.533 -2290.54
910000 1.25226e+06 -636.257 730228 -119770 54175.3 106.67 303.272 -2318.71
911000 1.25376e+06 -578.285 730228 -119776 54153.7 213.114 357.114 -2305.08
912000 1.25526e+06 -697.859 730228 -119673 54150.9 127.77 206.065 -2427.41
913000 1.25676e+06 -659.046 730228 -119607 54179.8 110.154 303.991 -2391.28
914000 1.25826e+06 -618.18 730228 -119661 54194.7 153.022 299.947 -2307.51
915000 1.25976e+06 -605.562 730228 -119623 54162 209.081 353.713 -2379.48
916000 1.26126e+06 -627.656 730228 -119525 54197.2 175.341 282.531 -2340.84
917000 1.26276e+06 -574.826 730228 -119653 54204.2 174.203 360.682 -2259.36
918000 1.26426e+06 -640.897 730228 -119639 54151.8 121.239 312.193 -2356.12
919000 1.26576e+06 -611.743 730228 -119621 54140.6 151.896 305.992 -2293.12
920000 1.26726e+06 -598.642 730228 -119598 54178.6 166.138 355.99 -2318.05
921000 1.26876e+06 -609.628 730228 -119511 54235.9 207.923 250.563 -2287.37
922000 1.27026e+06 -559.671 730228 -119744 54139 246.785 303.129 -2228.92
923000 1.27176e+06 -577.176 730228 -119650 54171.6 198.692 332.529 -2262.75
924000 1.27326e+06 -641.998 730228 -119819 54128.1 122.63 316.761 -2365.38
925000 1.27476e+06 -569.923 730228 -119655 54169.6 202.729 400.02 -2312.52
926000 1.27626e+06 -621.277 730228 -119773 54117.6 136.235 319.151 -2319.22
927000 1.27776e+06 -608.498 730228 -119728 54187.5 191.027 330.216 -2346.74
928000 1.27926e+06 -691.527 730228 -119708 54169.8 110.574 261.98 -2447.14
929000 1.28076e+06 -630.795 730228 -119662 54237.3 180.651 312.223 -2385.26
930000 1.28226e+06 -617.314 730228 -119616 54200.9 158.942 293.404 -2304.29
931000 1.28376e+06 -604.688 730228 -119754 54175.9 142.224 344.291 -2300.58
932000 1.28526e+06 -616.079 730228 -119703 54175.2 196.469 282.327 -2327.03
933000 1.28676e+06 -684.303 730228 -119636 54206.6 71.6734 267.265 -2391.85
934000 1.28826e+06 -570.317 730228 -119637 54199.7 174.547 403.901 -2289.4
935000 1.28976e+06 -583.744 730228 -119837 54188.1 216.427 373.944 -2341.6
936000 1.29126e+06 -634.166 730228 -119773 54187.6 144.144 355.971 -2402.61
937000 1.29276e+06 -654.092 730228 -119703 54199.4 142.29 322.956 -2427.52
938000 1.29426e+06 -676.293 730228 -119806 54145.1 78.5088 291.235 -2398.62
939000 1.29576e+06 -656.911 730228 -119724 54232.5 103.632 292.707 -2367.07
940000 1.29726e+06 -725.117 730228 -119799 54166.2 80.3572 226.15 -2481.86
941000 1.29876e+06 -667.82 730228 -119822 54199.8 126.614 318.045 -2448.12
942000 1.30026e+06 -651.292 730228 -119759 54253.7 113.049 364.897 -2431.82
943000 1.30176e+06 -619.883 730228 -119795 54202.7 120.522 380.644 -2360.82
944000 1.30326e+06 -628.146 730228 -119757 54227.5 155.32 299.351 -2339.11
945000 1.30476e+06 -630.881 730228 -119875 54164.8 128.115 355.501 -2376.26
946000 1.30626e+06 -545.227 730228 -119922 54158.5 228.853 351.697 -2216.23
947000 1.30776e+06 -531.711 730228 -119854 54175.4 242.559 344.939 -2182.63
948000 1.30926e+06 -613.865 730228 -119860 54183.5 149.94 298.268 -2289.8
949000 1.31076e+06 -541.584 730228 -119931 54257.6 215.344 383.697 -2223.79
950000 1.31226e+06 -615.01 730228 -119939 54213.5 206.452 267.084 -2318.57
951000 1.31376e+06 -627.252 730228 -120009 54201.1 209.293 227.784 -2318.83
952000 1.31526e+06 -650.937 730228 -119885 54206.2 109.885 289.576 -2352.27
953000 1.31676e+06 -682.23 730228 -119883 54246.3 104.172 285.109 -2435.97
954000 1.31826e+06 -627.981 730228 -119976 54139.7 154.047 348.708 -2386.7
955000 1.31976e+06 -593.714 730228 -119851 54188.2 212.934 294.988 -2289.06
956000 1.32126e+06 -564.576 730228 -119766 54250.5 190.572 372.52 -2256.82
957000 1.32276e+06 -594.665 730228 -119822 54180.1 159.643 351.174 -2294.81
958000 1.32426e+06 -619.369 730228 -119661 54144.2 162.558 362.914 -2383.58
959000 1.32576e+06 -527.31 730228 -119729 54251.2 268.956 418.598 -2269.48
960000 1.32726e+06 -545.958 730228 -119908 54165.5 196.049 430.314 -2264.24
961000 1.32876e+06 -582.942 730228 -119846 54106.7 188.103 361.246 -2298.17
962000 1.33026e+06 -572.024 730228 -119918 54167.3 204.498 384.828 -2305.4
963000 1.33176e+06 -581.604 730228 -119839 54175.2 220.025 380.443 -2345.28
964000 1.33326e+06 -628.863 730228 -119688 54196.7 160.324 309.494 -2356.41
965000 1.33476e+06 -590.401 730228 -119706 54217.2 202.116 319.3 -2292.62
966000 1.33626e+06 -593.621 730228 -119651 54167.8 158.39 297.648 -2236.9
967000 1.33776e+06 -614.067 730228 -119747 54202 151.738 302.102 -2296.04
968000 1.33926e+06 -558.36 730228 -119667 54228.4 201.566 327.493 -2204.14
969000 1.34076e+06 -540.375 730228 -119755 54167.6 215.461 347.911 -2184.5
970000 1.34226e+06 -603.702 730228 -119714 54136.5 156.507 332.425 -2300.04
971000 1.34376e+06 -577.152 730228 -119655 54200.7 223.634 308.526 -2263.62
972000 1.34526e+06 -558.298 730228 -119668 54185.9 286.919 367.017 -2328.83
973000 1.34676e+06 -591.138 730228 -119888 54103.8 241.677 302.812 -2317.9
974000 1.34826e+06 -599.921 730228 -119767 54200.4 218.227 342.547 -2360.54
975000 1.34976e+06 -562.295 730228 -119692 54228.8 224.158 362.798 -2273.84
976000 1.35126e+06 -602.736 730228 -119728 54208.4 140.309 359.675 -2308.19
977000 1.35276e+06 -629.729 730228 -119836 54207.1 110.424 324.644 -2324.25
978000 1.35426e+06 -568.313 730228 -119754 54185.5 208.419 407.084 -2320.44
979000 1.35576e+06 -581.341 730228 -119815 54167.4 198.793 379.204 -2322.02
980000 1.35726e+06 -627.981 730228 -119708 54198.7 145.743 274.705 -2304.39
981000 1.35876e+06 -571.416 730228 -119764 54184 195.802 359.543 -2269.59
982000 1.36026e+06 -580.508 730228 -119866 54199.7 176.428 336.5 -2254.45
983000 1.36176e+06 -579.081 730228 -119901 54108.3 207.183 307.55 -2251.98
984000 1.36326e+06 -580.396 730228 -119750 54227 194.083 324.27 -2259.54
985000 1.36476e+06 -495.966 730228 -119709 54205.8 271.349 385.248 -2144.5
986000 1.36626e+06 -562.092 730228 -119757 54128.5 198.115 300.621 -2185.01
987000 1.36776e+06 -574.213 730228 -119786 54145.3 158.246 321.688 -2202.57
988000 1.36926e+06 -563.911 730228 -119854 54167.8 128.175 404.034 -2223.94
989000 1.37076e+06 -620.593 730228 -119873 54117.7 158.447 322.99 -2343.21
990000 1.37226e+06 -624.256 730228 -119923 54164.1 140.467 279.895 -2293.13
991000 1.37376e+06 -618.828 730228 -119859 54174.7 157.125 305.304 -2318.91
992000 1.37526e+06 -584.217 730228 -119778 54214.1 139.612 373.397 -2265.66
993000 1.37676e+06 -586.103 730228 -119784 54177.1 100.078 378.802 -2237.19
994000 1.37826e+06 -584.523 730228 -119752 54196 151.843 339.965 -2245.38
995000 1.37976e+06 -582.807 730228 -119953 54156.1 171.165 337.697 -2257.28
996000 1.38126e+06 -564.107 730228 -119952 54185.7 212.029 325.03 -2229.38
997000 1.38276e+06 -606.512 730228 -119736 54191.4 152.149 304.031 -2275.72
998000 1.38426e+06 -637.169 730228 -119805 54120.8 79.7037 319.837 -2311.05
999000 1.38576e+06 -632.773 730228 -119842 54212.4 116.144 271.779 -2286.24
1000000 1.38726e+06 -601.489 730228 -119798 54245.2 155.674 350.955 -2311.1
1001000 1.38876e+06 -544.223 730228 -119843 54181.1 197.299 405.743 -2235.71
1002000 1.39026e+06 -652.807 730228 -119851 54236.1 133.309 268.33 -2360.06
1003000 1.39176e+06 -574.906 730228 -119896 54199.3 170.875 362.094 -2257.69
1004000 1.39326e+06 -615.619 730228 -120043 54152.2 165.058 316.723 -2328.64
1005000 1.39476e+06 -579.925 730228 -120049 54159.3 215.933 334.782 -2290.49
1006000 1.39626e+06 -610.614 730228 -120026 54094.7 139.668 322.27 -2293.78
1007000 1.39776e+06 -562.428 730228 -119939 54125.4 201.809 405.368 -2294.46
1008000 1.39926e+06 -531.707 730228 -119833 54165 221.792 473.265 -2290.18
1009000 1.40076e+06 -526.959 730228 -119988 54127.6 236.995 442.276 -2260.15
1010000 1.40226e+06 -550.911 730228 -120144 54118 202.117 441.571 -2296.42
1011000 1.40376e+06 -497.16 730228 -119898 54238.2 233.504 474.349 -2199.33
1012000 1.40526e+06 -585.788 730228 -119964 54172.5 257.493 314.577 -2329.43
1013000 1.40676e+06 -629.88 730228 -120080 54135.1 148.947 315.623 -2354.21
1014000 1.40826e+06 -573.841 730228 -120051 54150.8 224.734 335.393 -2281.65
1015000 1.40976e+06 -612.443 730228 -119948 54172 117.455 320.68 -2275.46
1016000 1.41126e+06 -650.247 730228 -119862 54191.2 53.4994 254.636 -2258.88
1017000 1.41276e+06 -660.684 730228 -119873 54165.5 103.604 199.749 -2285.41
1018000 1.41426e+06 -684.367 730228 -119903 54159 62.5084 206.143 -2321.75
1019000 1.41576e+06 -647.774 730228 -119774 54229.9 88.9575 287.697 -2319.98
1020000 1.41726e+06 -662.66 730228 -119910 54216.1 94.3714 325.918 -2408.27
1021000 1.41876e+06 -629.311 730228 -120045 54161.1 137.601 314.871 -2340.4
1022000 1.42026e+06 -685.967 730228 -120022 54125 61.8464 247.128 -2366.88
1023000 1.42176e+06 -658.639 730228 -120002 54144.2 78.7273 283.526 -2338.17
1024000 1.42326e+06 -570.761 730228 -119971 54251.9 127.993 435.091 -2275.37
1025000 1.42476e+06 -569.84 730228 -119943 54201 131.285 382.779 -2223.58
1026000 1.42626e+06 -585.644 730228 -120050 54204.3 171.825 396.309 -2325.07
1027000 1.42776e+06 -629.45 730228 -120033 54168.5 107.061 283.7 -2279.11
1028000 1.42926e+06 -569.983 730228 -120176 54128.8 169.279 312.799 -2192.03
1029000 1.43076e+06 -566.061 730228 -120148 54133.5 203.64 312.625 -2214.45
1030000 1.43226e+06 -601.888 730228 -120145 54154.1 141.524 341.927 -2289.12
1031000 1.43376e+06 -670.039 730228 -120221 54123.6 91.3517 266.699 -2368.17
1032000 1.43526e+06 -641.271 730228 -120123 54160.6 116.948 314.315 -2355.08
1033000 1.43676e+06 -652.829 730228 -119986 54177.7 44.4462 312.09 -2315.02
1034000 1.43826e+06 -576.78 730228 -120083 54176.3 127.025 361.748 -2219.11
1035000 1.43976e+06 -596.187 730228 -120139 54182 132.549 350.49 -2271.6
1036000 1.44126e+06 -578.979 730228 -120105 54134.1 214.971 321.814 -2273.72
1037000 1.44276e+06 -609.815 730228 -120136 54127.8 150.037 309.454 -2288.94
1038000 1.44426e+06 -603.917 730228 -120166 54100.4 155.004 330.973 -2297.73
1039000 1.44576e+06 -520.959 730228 -120169 54135.1 281.423 357.78 -2202.08
1040000 1.44726e+06 -598.079 730228 -120185 54114.1 161.381 326.985 -2282.6
1041000 1.44876e+06 -578.128 730228 -120128 54169 122.278 392.988 -2249.65
1042000 1.45026e+06 -614.069 730228 -119864 54164.2 123.608 342.7 -2308.51
1043000 1.45176e+06 -616.861 730228 -120034 54153.2 127.012 333.305 -2310.9
1044000 1.45326e+06 -614.767 730228 -119755 54232.7 139.489 313.464 -2297.25
1045000 1.45476e+06 -605.262 730228 -119904 54193.3 107.381 354.19 -2277.36
1046000 1.45626e+06 -614.722 730228 -119974 54109.2 114.857 344.04 -2303.06
1047000 1.45776e+06 -574.41 730228 -119911 54180.6 219.647 333.311 -2276.19
1048000 1.45926e+06 -615.805 730228 -120048 54154.4 173.509 331.056 -2351.98
1049000 1.46076e+06 -587.091 730228 -119947 54113.7 181.919 352.645 -2295.84
1050000 1.46226e+06 -587.99 730228 -119921 54163.3 156.068 317.395 -2237.43
1051000 1.46376e+06 -544.742 730228 -120065 54114.5 224.385 400.258 -2258.87
1052000 1.46526e+06 -596.244 730228 -119887 54206.5 143.5 265.883 -2198.11
1053000 1.46676e+06 -560.627 730228 -120029 54111.8 206.452 354.241 -2242.57
1054000 1.46826e+06 -603.028 730228 -120096 54134.5 149.824 291.373 -2250.28
1055000 1.46976e+06 -629.021 730228 -120084 54218.2 130.534 262.693 -2280.29
1056000 1.47126e+06 -589.384 730228 -119936 54240.7 176.758 309.509 -2254.42
1057000 1.47276e+06 -611.359 730228 -120039 54164.1 185.118 295.451 -2314.65
1058000 1.47426e+06 -621.819 730228 -120072 54164.4 132.751 314.546 -2312.75
1059000 1.47576e+06 -634.002 730228 -120011 54233.1 121.914 272.487 -2296.41
1060000 1.47726e+06 -641.713 730228 -119970 54193.5 147.152 280.529 -2352.82
1061000 1.47876e+06 -648.838 730228 -119999 54149.9 139.062 283.84 -2369.42
1062000 1.48026e+06 -620.413 730228 -119972 54141.1 191.425 273.946 -2326.61
1063000 1.48176e+06 -628.994 730228 -119908 54193.5 126.173 343.692 -2356.85
1064000 1.48326e+06 -548.628 730228 -120052 54165.1 200.138 393.479 -2239.5
1065000 1.48476e+06 -558.752 730228 -120107 54183.6 191.318 369.432 -2237.01
1066000 1.48626e+06 -618.004 730228 -120103 54141.8 116.31 309.345 -2279.67
1067000 1.48776e+06 -647.013 730228 -119939 54211.1 89.5351 303.809 -2334.38
1068000 1.48926e+06 -582.76 730228 -119903 54190.3 166.352 379.389 -2294.02
1069000 1.49076e+06 -558.917 730228 -119959 54171 120.507 397.358 -2194.62
1070000 1.49226e+06 -565.666 730228 -119964 54199.1 128.163 381.283 -2206.44
1071000 1.49376e+06 -527.374 730228 -119787 54198 195.896 389.784 -2167.8
1072000 1.49526e+06 -565.883 730228 -119857 54192.9 186.12 385.878 -2269.65
1073000 1.49676e+06 -588.008 730228 -119883 54208 127.796 383.339 -2275.16
1074000 1.49826e+06 -594.01 730228 -120063 54118.9 173.493 331.59 -2287.11
1075000 1.49976e+06 -616.094 730228 -119802 54221 142.2 336.934 -2327.42
1076000 1.50126e+06 -676.601 730228 -119785 54170.3 71.9825 274.729 -2376.52
1077000 1.50276e+06 -546.955 730228 -119935 54204.1 162.39 415.876 -2219.13
1078000 1.50426e+06 -572.339 730228 -120056 54158.6 186.124 372.862 -2276
1079000 1.50576e+06 -559.945 730228 -120067 54137.4 161.881 319.123 -2160.84
1080000 1.50726e+06 -533.246 730228 -120032 54153.3 223.346 340.076 -2163.16
1081000 1.50876e+06 -572.181 730228 -120072 54144.2 187.632 360.258 -2264.43
1082000 1.51026e+06 -576.124 730228 -119946 54217.4 208.912 310.036 -2247.32
1083000 1.51176e+06 -578.833 730228 -119850 54180.7 204.193 311.723 -2252.42
1084000 1.51326e+06 -619.502 730228 -119887 54116.8 150.22 288.06 -2296.79
1085000 1.51476e+06 -538.468 730228 -119999 54216.5 211.781 337.691 -2164.87
1086000 1.51626e+06 -532.04 730228 -120105 54161.7 201.881 422.458 -2220.46
1087000 1.51776e+06 -556.826 730228 -119986 54145.6 190.983 385.67 -2247.13
1088000 1.51926e+06 -650.117 730228 -119960 54157.9 71.3218 267.532 -2289.21
1089000 1.52076e+06 -568.062 730228 -119994 54219.6 149.742 347.39 -2201.32
1090000 1.52226e+06 -566.259 730228 -120077 54178.7 159.865 387.833 -2246.48
1091000 1.52376e+06 -621.241 730228 -120120 54134 117.953 304.221 -2285.9
1092000 1.52526e+06 -633.73 730228 -120022 54237.7 129.822 282.628 -2313.64
1093000 1.52676e+06 -646.24 730228 -119886 54248.9 151.947 245.174 -2335.84
1094000 1.52826e+06 -674.163 730228 -119943 54193.1 106.339 215.534 -2344.36
1095000 1.52976e+06 -590.525 730228 -119952 54166.9 124.831 340.324 -2236.73
1096000 1.53126e+06 -586.525 730228 -120092 54141.7 92.01 326.148 -2177.73
1097000 1.53276e+06 -599.613 730228 -119909 54217.9 109.108 293.159 -2201.11
1098000 1.53426e+06 -615.251 730228 -119930 54189.1 115.7 331.455 -2292.91
1099000 1.53576e+06 -570.632 730228 -120022 54219.5 141.695 358.231 -2211.82
1100000 1.53726e+06 -608.811 730228 -120055 54126.6 154.889 364.558 -2345.88
1101000 1.53876e+06 -581.147 730228 -120069 54182.1 169.399 374.411 -2287.25
1102000 1.54026e+06 -643.722 730228 -119999 54183.1 94.252 290.234 -2315.65
1103000 1.54176e+06 -522.792 730228 -120037 54195.5 305.154 317.302 -2190.83
1104000 1.54326e+06 -613.947 730228 -120178 54158 177.406 298.849 -2318.1
1105000 1.54476e+06 -588.066 730228 -119990 54163.5 186.68 317.873 -2268.75
1106000 1.54626e+06 -592.83 730228 -120055 54176.6 91.5089 377.67 -2247.67
1107000 1.54776e+06 -572.106 730228 -119915 54208.8 153.885 333.825 -2204.03
1108000 1.54926e+06 -645.331 730228 -119962 54163.6 111.135 280.315 -2327.44
1109000 1.55076e+06 -600.339 730228 -119979 54157 149.286 345.043 -2295.35
1110000 1.55226e+06 -637.091 730228 -120116 54146.1 109.184 302.09 -2322.55
1111000 1.55376e+06 -639.884 730228 -120033 54117 112.843 281.905 -2314.4
1112000 1.55526e+06 -637.875 730228 -119916 54129.1 113.46 304.714 -2331.8
1113000 1.55676e+06 -655.729 730228 -120112 54134.4 83.4299 331.456 -2382.07
1114000 1.55826e+06 -608.484 730228 -120033 54169.8 124.065 378.173 -2327.69
1115000 1.55976e+06 -576.315 730228 -119981 54158.6 147.017 410.456 -2286.42
1116000 1.56126e+06 -591.548 730228 -120044 54124.2 179.299 355.81 -2309.75
1117000 1.56276e+06 -657.217 730228 -120032 54137 103.026 347.255 -2421.93
1118000 1.56426e+06 -682.369 730228 -119930 54157 46.5072 314.975 -2408.59
1119000 1.56576e+06 -580.766 730228 -120071 54172.2 163.09 381.393 -2286.78
1120000 1.56726e+06 -638.839 730228 -119937 54204.6 116.643 315.859 -2349.02
1121000 1.56876e+06 -584.904 730228 -119928 54240.4 178.721 365.158 -2298.59
1122000 1.57026e+06 -613.226 730228 -120013 54185.1 188.262 324.995 -2352.94
1123000 1.57176e+06 -582.51 730228 -119985 54159.6 188.333 374.222 -2310.09
1124000 1.57326e+06 -642.968 730228 -119958 54142 154.365 267.727 -2350.99
1125000 1.57476e+06 -661.4 730228 -119951 54227.9 133.326 310.185 -2427.71
1126000 1.57626e+06 -589.753 730228 -120122 54102 117.846 374.715 -2261.82
1127000 1.57776e+06 -630.596 730228 -120114 54125 98.2748 292.04 -2282.1
1128000 1.57926e+06 -624.034 730228 -120073 54227.3 101.145 310.564 -2283.81
1129000 1.58076e+06 -668.623 730228 -120040 54183.8 95.7959 288.654 -2390.32
1130000 1.58226e+06 -634.534 730228 -120177 54134.3 112.06 295.729 -2311.39
1131000 1.58376e+06 -679.583 730228 -120059 54146.6 110.247 234.054 -2383.05
1132000 1.58526e+06 -666.307 730228 -120006 54183.7 163.5 229.736 -2392.16
1133000 1.58676e+06 -663.638 730228 -120041 54163.6 122.433 279.123 -2392.47
1134000 1.58826e+06 -672.244 730228 -119990 54191.7 114.094 299.185 -2430.01
1135000 1.58976e+06 -670.503 730228 -119976 54170.6 100.8 297.86 -2410.17
1136000 1.59126e+06 -606.873 730228 -119937 54196.1 188.608 371.825 -2381.05
1137000 1.59276e+06 -610.382 730228 -120019 54186.8 172.527 345.48 -2349.15
1138000 1.59426e+06 -666.805 730228 -119880 54184.9 107.496 301.021 -2408.93
1139000 1.59576e+06 -648.322 730228 -119991 54193.4 170.789 298.745 -2414.5
1140000 1.59726e+06 -651.754 730228 -120039 54182.1 95.7662 341.188 -2392.21
1141000 1.59876e+06 -682.639 730228 -120010 54215.5 59.8663 355.514 -2463.3
1142000 1.60026e+06 -697.617 730228 -120127 54142.7 58.3418 280.572 -2431.77
1143000 1.60176e+06 -677.709 730228 -119954 54179.7 90.9137 278.481 -2402.52
1144000 1.60326e+06 -643.653 730228 -120008 54193.7 164.616 285.275 -2380.85
1145000 1.60476e+06 -609.121 730228 -120113 54208.7 195.899 300.551 -2323.81
1146000 1.60626e+06 -630.249 730228 -120206 54143.6 156.772 303.237 -2350.76
1147000 1.60776e+06 -651.288 730228 -120162 54129.7 62.7825 318.447 -2335.09
1148000 1.60926e+06 -654.756 730228 -119941 54181.6 132.483 276.215 -2372.97
1149000 1.61076e+06 -698.879 730228 -119892 54185.6 95.9119 264.55 -2457.1
1150000 1.61226e+06 -676.366 730228 -119894 54194.9 131.921 207.122 -2368.14
1151000 1.61376e+06 -679.076 730228 -120185 54122.5 97.2296 276.439 -2410.9
1152000 1.61526e+06 -685.087 730228 -120127 54154.4 86.0908 256.37 -2397.72
1153000 1.61676e+06 -715.759 730228 -120129 54091.5 98.3974 259.035 -2504.71
1154000 1.61826e+06 -654.634 730228 -119934 54216.5 151.244 297.688 -2412.83
1155000 1.61976e+06 -682.481 730228 -119937 54228.9 126.133 292.433 -2466.01
1156000 1.62126e+06 -647.985 730228 -120046 54181.1 137.114 330.708 -2411.78
1157000 1.62276e+06 -641.993 730228 -120072 54141.6 100.333 321.499 -2347.81
1158000 1.62426e+06 -644.139 730228 -120064 54195.6 201.112 273.491 -2407.02
1159000 1.62576e+06 -662.502 730228 -119981 54181.7 138.809 263.432 -2389.75
1160000 1.62726e+06 -606.236 730228 -119913 54226.7 190.555 351.061 -2360.32
1161000 1.62876e+06 -667.402 730228 -120023 54113.3 65.2911 274.927 -2342.42
1162000 1.63026e+06 -659.177 730228 -120076 54180.7 73.169 333.843 -2384.54
1163000 1.63176e+06 -642.113 730228 -120154 54116 161.027 321.977 -2409.34
1164000 1.63326e+06 -693.409 730228 -119891 54242.5 85.1638 294.748 -2460.14
1165000 1.63476e+06 -729.917 730228 -120057 54172.2 52.2976 263.034 -2505.08
1166000 1.63626e+06 -659.445 730228 -120039 54163.4 108.643 318.8 -2405.78
1167000 1.63776e+06 -684.053 730228 -120021 54124.3 84.8008 289.89 -2426.85
1168000 1.63926e+06 -638.218 730228 -120042 54141 105.554 351.654 -2371.86
1169000 1.64076e+06 -620.269 730228 -119977 54208.9 163.51 311.545 -2335.86
1170000 1.64226e+06 -659.2 730228 -120028 54131.5 113.839 340.955 -2432.4
1171000 1.64376e+06 -609.352 730228 -119991 54214.7 203.982 326.705 -2358.74
1172000 1.64526e+06 -672.882 730228 -120042 54121.3 107.575 267.162 -2393.38
1173000 1.64676e+06 -691.097 730228 -120071 54169.4 101.093 240.549 -2414.93
1174000 1.64826e+06 -590.056 730228 -120079 54181.9 140.425 401.964 -2312.56
1175000 1.64976e+06 -615.041 730228 -119959 54240.5 157.289 398.39 -2400.8
1176000 1.65126e+06 -666.97 730228 -119868 54204.8 96.1144 307.086 -2404.11
1177000 1.65276e+06 -608.325 730228 -120022 54156.8 129.219 372.472 -2326.67
1178000 1.65426e+06 -652.303 730228 -120020 54209.3 69.4887 328.528 -2354.92
1179000 1.65576e+06 -615.41 730228 -120061 54213.5 104.935 393.917 -2345.08
1180000 1.65726e+06 -650.819 730228 -120030 54203.9 118.206 277.362 -2348.02
1181000 1.65876e+06 -619.276 730228 -120040 54224.4 179.237 313.836 -2350.9
1182000 1.66026e+06 -641.204 730228 -120078 54206.2 91.1651 306.815 -2321.59
1183000 1.66176e+06 -604.136 730228 -120173 54131.3 136.492 321.381 -2270.28
1184000 1.66326e+06 -736.16 730228 -120120 54229.9 -30.0965 238.546 -2416.93
1185000 1.66476e+06 -617.992 730228 -120114 54127.7 85.3894 368.663 -2308.03
1186000 1.66626e+06 -578.779 730228 -120077 54145.9 157.181 352.681 -2246.2
1187000 1.66776e+06 -627.042 730228 -120166 54141.2 110.677 295.905 -2287.71
1188000 1.66926e+06 -682.549 730228 -120056 54241.6 76.3298 260.032 -2384.01
1189000 1.67076e+06 -628.136 730228 -120235 54158.8 107.921 297.202 -2289.53
1190000 1.67226e+06 -660.678 730228 -120105 54140.3 93.4758 265.264 -2340.77
1191000 1.67376e+06 -635.454 730228 -119993 54199.3 117.044 277.96 -2301.37
1192000 1.67526e+06 -599.624 730228 -120109 54153.5 144.277 299.08 -2242.23
1193000 1.67676e+06 -633.013 730228 -120088 54157.6 171.293 243.435 -2313.77
1194000 1.67826e+06 -619.886 730228 -120018 54210.8 159.624 333.186 -2352.47
1195000 1.67976e+06 -632.547 730228 -120020 54182.5 143.106 270.16 -2310.91
1196000 1.68126e+06 -616.556 730228 -120079 54198.6 156.874 343.034 -2349.58
1197000 1.68276e+06 -628.111 730228 -119874 54223.4 121.3 301.257 -2306.89
1198000 1.68426e+06 -533.855 730228 -119831 54256.6 163.325 441.004 -2205.89
1199000 1.68576e+06 -542.792 730228 -119955 54193.8 225.882 419.274 -2273.53
1200000 1.68726e+06 -603.306 730228 -120059 54169.1 141.23 350.117 -2301.27
1201000 1.68876e+06 -628.605 730228 -120113 54165.4 106.259 300.519 -2292.59
1202000 1.69026e+06 -648.172 730228 -120126 54189.6 73.2117 290.918 -2308.65
1203000 1.69176e+06 -631.165 730228 -120070 54228.1 88.3071 343.726 -2325.53
1204000 1.69326e+06 -583.847 730228 -120003 54225.2 117.697 433.613 -2302.85
1205000 1.69476e+06 -669.686 730228 -120184 54127 64.163 310.437 -2383.66
1206000 1.69626e+06 -640.344 730228 -120077 54233.1 88.9504 306.698 -2316.68
1207000 1.69776e+06 -708.241 730228 -120177 54115.2 48.7566 226.53 -2400.01
1208000 1.69926e+06 -681.668 730228 -120252 54220.8 72.9377 288.673 -2406.62
1209000 1.70101e+06 -651.384 730228 -119547 54219.1 85.551 322.582 -2362.29
1210000 1.70301e+06 -610.844 730228 -119522 54196.2 116.859 382.913 -2332.3
1211000 1.70501e+06 -588.9 730228 -119512 54244.4 139.387 405.094 -2311.18
1212000 1.70701e+06 -602.177 730228 -119564 54224.9 43.231 384.167 -2233.93
1213000 1.70901e+06 -575.141 730228 -119474 54206.4 133.685 366.938 -2226.04
1214000 1.71101e+06 -592.234 730228 -119661 54113.9 120.861 373.501 -2271.06
1215000 1.71301e+06 -600.083 730228 -119502 54209.3 122.541 334.971 -2257.76
1216000 1.71501e+06 -606.128 730228 -119426 54174.4 91.9861 347.756 -2258.13
1217000 1.71701e+06 -601.543 730228 -119349 54184.9 155.471 343.931 -2304.03
1218000 1.71901e+06 -549.157 730228 -119432 54129.1 210.917 436.845 -2295.23
1219000 1.72101e+06 -612.937 730228 -119389 54189.9 149.085 331.946 -2319.84
1220000 1.72301e+06 -651.873 730228 -119527 54153.3 100.505 257.256 -2313.38
1221000 1.72501e+06 -636.236 730228 -119568 54144.8 80.1628 304.319 -2293.19
1222000 1.72701e+06 -614.285 730228 -119469 54162.4 120.137 377.903 -2340.89
1223000 1.72901e+06 -607.929 730228 -119498 54153 161.566 323.105 -2308.46
1224000 1.73101e+06 -632.127 730228 -119444 54129.5 58.7047 308.326 -2263.41
1225000 1.73301e+06 -641.018 730228 -119545 54204.6 91.9839 295.377 -2310.41
1226000 1.73501e+06 -630.68 730228 -119539 54177.2 129.363 264.948 -2286.35
1227000 1.73701e+06 -643.334 730228 -119625 54155.3 110.65 254.662 -2295.31
1228000 1.73901e+06 -632.913 730228 -119637 54150 74.7365 275.962 -2249.44
1229000 1.74101e+06 -611.583 730228 -119501 54150.9 121.894 294.667 -2251.31
1230000 1.74301e+06 -615.204 730228 -119583 54106.2 140.863 281 -2267.47
1231000 1.74501e+06 -682.744 730228 -119472 54149.6 30.2265 262.175 -2340.63
1232000 1.74701e+06 -593.652 730228 -119367 54210.4 153.373 345.374 -2279.7
1233000 1.74901e+06 -603.11 730228 -119450 54185.6 112.541 329.326 -2251.2
1234000 1.75101e+06 -615.918 730228 -119468 54208.3 99.9727 331.512 -2279.24
