# Time-averaged data for fix globalout
# TimeStep v_ppress v_vvol v_llx v_lly v_llz v_ppe v_kke v_ppx v_ppy v_ppz
1000 -577.131 730228 39.97 26.95 677.9 -105587 53462.6 66.7596 155.873 -1954.03
2000 -635.144 730228 39.97 26.95 677.9 -105569 53509.2 -16.1253 113.34 -2002.65
3000 -558.804 730228 39.97 26.95 677.9 -105788 53443.4 94.4332 174.694 -1945.54
4000 -631.035 730228 39.97 26.95 677.9 -105792 53448.3 82.2594 59.4492 -2034.81
5000 -605.585 730228 39.97 26.95 677.9 -106165 53287.2 84.4613 116.046 -2017.26
6000 -690.94 730228 39.97 26.95 677.9 -105835 53403.9 -34.626 62.758 -2100.95
7000 -662.685 730228 39.97 26.95 677.9 -105843 53447.7 -8.17293 58.5606 -2038.44
8000 -663.042 730228 39.97 26.95 677.9 -105800 53455.5 -10.0554 70.979 -2050.05
9000 -638.909 730228 39.97 26.95 677.9 -106034 53295.8 73.6206 24.5152 -2014.86
10000 -707.333 730228 39.97 26.95 677.9 -105974 53394.5 -76.0594 -11.9436 -2033.99
11000 -733.665 730228 39.97 26.95 677.9 -105814 53460 -30.8409 -73.3911 -2096.76
12000 -619.862 730228 39.97 26.95 677.9 -105785 53421.6 89.7793 14.5125 -1963.88
13000 -655.487 730228 39.97 26.95 677.9 -105601 53492.6 -9.97487 29.2628 -1985.75
14000 -722.109 730228 39.97 26.95 677.9 -105718 53562.6 -60.2985 19.9488 -2125.98
15000 -683.449 730228 39.97 26.95 677.9 -105906 53470.8 -73.1109 32.5456 -2009.78
16000 -591.33 730228 39.97 26.95 677.9 -105990 53431.3 7.98777 122.795 -1904.77
17000 -663.279 730228 39.97 26.95 677.9 -106061 53468.4 -45.6522 37.7799 -1981.96
18000 -724.647 730228 39.97 26.95 677.9 -106341 53303 -114.77 -13.765 -2045.41
19000 -566.55 730228 39.97 26.95 677.9 -105867 53475.5 94.6999 94.0034 -1888.35
20000 -685.106 730228 39.97 26.95 677.9 -105799 53424.1 -75.4637 5.63631 -1985.49
21000 -619.836 730228 39.97 26.95 677.9 -106078 53326.6 -7.34299 55.1551 -1907.32
22000 -710.832 730228 39.97 26.95 677.9 -105959 53375.2 -79.9764 11.5007 -2064.02
23000 -665.441 730228 39.97 26.95 677.9 -105883 53454.1 -17.3932 -22.8117 -1956.12
24000 -622.232 730228 39.97 26.95 677.9 -105960 53481.3 -8.77352 149.342 -2007.27
25000 -678.721 730228 39.97 26.95 677.9 -105959 53382.6 -68.3094 90.5599 -2058.41
26000 -646.783 730228 39.97 26.95 677.9 -106114 53338.3 -48.8321 -21.873 -1869.64
27000 -685.336 730228 39.97 26.95 677.9 -106143 53358.4 -72.8032 19.3423 -2002.55
28000 -629.787 730228 39.97 26.95 677.9 -105917 53501 -85.9242 131.582 -1935.02
29000 -564.728 730228 39.97 26.95 677.9 -106075 53466.6 31.1658 167.08 -1892.43
30000 -593.651 730228 39.97 26.95 677.9 -106117 53428 18.4522 124.898 -1924.3
31000 -578.946 730228 39.97 26.95 677.9 -106243 53443.6 48.3836 77.4192 -1862.64
32000 -561.602 730228 39.97 26.95 677.9 -106233 53370.7 59.9508 103.224 -1847.98
33000 -555.618 730228 39.97 26.95 677.9 -106246 53351.9 58.7666 127.829 -1853.45
34000 -581.606 730228 39.97 26.95 677.9 -106169 53432.6 -32.3986 109.25 -1821.67
35000 -683.927 730228 39.97 26.95 677.9 -105888 53549.6 -159.074 90.1734 -1982.88
36000 -651.692 730228 39.97 26.95 677.9 -106008 53440.9 -90.1979 14.9474 -1879.83
37000 -721.894 730228 39.97 26.95 677.9 -106008 53509.8 -99.1903 21.8924 -2088.38
38000 -658.921 730228 39.97 26.95 677.9 -105985 53417.7 -73.4797 86.8734 -1990.16
39000 -672.964 730228 39.97 26.95 677.9 -105991 53471.1 -57.1395 6.06771 -1967.82
40000 -662.192 730228 39.97 26.95 677.9 -106157 53382.1 -84.6738 79.3665 -1981.27
41000 -616.776 730228 39.97 26.95 677.9 -106319 53257.8 -47.1827 140.476 -1943.62
42000 -602.247 730228 39.97 26.95 677.9 -106034 53445 -32.1428 135.855 -1910.45
43000 -671.309 730228 39.97 26.95 677.9 -105952 53443.7 -74.0329 45.346 -1985.24
44000 -645.773 730228 39.97 26.95 677.9 -105845 53528.6 -72.0559 23.4631 -1888.73
45000 -596.597 730228 39.97 26.95 677.9 -105976 53437.5 -89.17 121.836 -1822.46
46000 -644.576 730228 39.97 26.95 677.9 -105838 53529.2 -96.6661 101.146 -1938.21
47000 -654.148 730228 39.97 26.95 677.9 -105960 53457.3 -63.5611 42.2789 -1941.16
48000 -622.874 730228 39.97 26.95 677.9 -105939 53482.3 -14.2415 57.1544 -1911.54
49000 -677.243 730228 39.97 26.95 677.9 -105825 53504.7 -64.1832 9.60342 -1977.15
50000 -636.451 730228 39.97 26.95 677.9 -105915 53514.1 19.4674 23.7296 -1952.55
51000 -603.058 730228 39.97 26.95 677.9 -105862 53411.1 23.3922 47.0787 -1879.64
52000 -669.696 730228 39.97 26.95 677.9 -105969 53373.1 -1.31156 -40.3665 -1967.41
53000 -644.891 730228 39.97 26.95 677.9 -105893 53480.5 -12.042 -41.4714 -1881.16
54000 -622.908 730228 39.97 26.95 677.9 -105881 53488.8 3.70566 79.6621 -1952.09
55000 -645.399 730228 39.97 26.95 677.9 -105841 53433.4 -12.9892 25.7113 -1948.92
56000 -679.657 730228 39.97 26.95 677.9 -105919 53409.2 -77.9365 -5.286 -1955.75
57000 -661.021 730228 39.97 26.95 677.9 -105852 53528.9 -3.70527 -34.0248 -1945.33
58000 -626.495 730228 39.97 26.95 677.9 -105985 53400.2 0.227868 53.7801 -1933.49
59000 -612.297 730228 39.97 26.95 677.9 -105872 53513.7 41.791 23.6222 -1902.3
60000 -715.66 730228 39.97 26.95 677.9 -105851 53438.4 -82.4166 -43.2571 -2021.31
61000 -637.378 730228 39.97 26.95 677.9 -105671 53449.9 -40.9345 45.2957 -1916.49
62000 -638.712 730228 39.97 26.95 677.9 -105954 53460.2 0.65926 35.3209 -1952.12
63000 -671.605 730228 39.97 26.95 677.9 -105560 53499.8 -81.5873 41.4654 -1974.69
64000 -644.169 730228 39.97 26.95 677.9 -105840 53468.5 -43.1346 20.801 -1910.17
65000 -661.005 730228 39.97 26.95 677.9 -105715 53436.7 -77.4469 50.9551 -1956.52
66000 -667.286 730228 39.97 26.95 677.9 -105937 53457.4 -38.4624 58.2359 -2021.63
67000 -558.193 730228 39.97 26.95 677.9 -105996 53386.5 30.349 174.124 -1879.05
68000 -612.528 730228 39.97 26.95 677.9 -105847 53512.4 4.50943 99.7282 -1941.82
69000 -681.677 730228 39.97 26.95 677.9 -105722 53431.2 -61.3971 -46.9232 -1936.71
70000 -653.317 730228 39.97 26.95 677.9 -105789 53375 3.79478 81.4273 -2045.17
71000 -675.701 730228 39.97 26.95 677.9 -105716 53426.3 -46.6252 34.5813 -2015.06
72000 -648.889 730228 39.97 26.95 677.9 -105737 53462.9 -29.4347 62.0876 -1979.32
73000 -626.316 730228 39.97 26.95 677.9 -105848 53403.8 -56.3762 117.322 -1939.89
74000 -687.61 730228 39.97 26.95 677.9 -105753 53530.8 -68.4408 51.7564 -2046.15
75000 -636.589 730228 39.97 26.95 677.9 -105876 53400.4 23.8347 33.559 -1967.16
76000 -666.902 730228 39.97 26.95 677.9 -105696 53411.5 -65.1691 7.35751 -1942.89
77000 -545.31 730228 39.97 26.95 677.9 -105865 53338.8 89.5715 152.009 -1877.51
78000 -595.019 730228 39.97 26.95 677.9 -105729 53434.3 -50.0828 142.49 -1877.46
79000 -645.707 730228 39.97 26.95 677.9 -105581 53447.7 -101.718 62.9413 -1898.34
80000 -597.539 730228 39.97 26.95 677.9 -105594 53515.6 -2.46304 181.848 -1972
81000 -594.51 730228 39.97 26.95 677.9 -106025 53395.8 -11.8282 117.471 -1889.17
82000 -589.381 730228 39.97 26.95 677.9 -105927 53411.5 -7.08798 106.375 -1867.43
83000 -580.992 730228 39.97 26.95 677.9 -105901 53468.9 -6.29305 88.894 -1825.58
84000 -609.85 730228 39.97 26.95 677.9 -105875 53496.7 -78.7079 159.998 -1910.84
85000 -615.283 730228 39.97 26.95 677.9 -105981 53331.4 -85.773 105.265 -1865.34
86000 -606.225 730228 39.97 26.95 677.9 -105855 53467.1 -31.7147 102.526 -1889.49
87000 -644.397 730228 39.97 26.95 677.9 -105588 53555.5 -35.477 40.4536 -1938.17
88000 -613.094 730228 39.97 26.95 677.9 -106008 53402.2 35.0018 38.7813 -1913.07
89000 -544.748 730228 39.97 26.95 677.9 -105894 53437.6 117.008 61.0886 -1812.34
90000 -701.048 730228 39.97 26.95 677.9 -105878 53449.7 -111.005 24.779 -2016.92
91000 -630.293 730228 39.97 26.95 677.9 -105958 53372.1 -79.8476 104.96 -1915.99
92000 -625.105 730228 39.97 26.95 677.9 -105958 53310 -22.0933 69.855 -1923.08
93000 -639.106 730228 39.97 26.95 677.9 -105823 53422.8 7.66592 -44.5118 -1880.47
94000 -611.467 730228 39.97 26.95 677.9 -105815 53435 -9.2108 64.0105 -1889.2
95000 -607.183 730228 39.97 26.95 677.9 -106016 53332.7 -48.26 84.1309 -1857.42
96000 -647.526 730228 39.97 26.95 677.9 -105661 53523.1 -83.7302 36.1508 -1895
97000 -677.028 730228 39.97 26.95 677.9 -105938 53446.4 -46.1651 10.8534 -1995.77
98000 -581.24 730228 39.97 26.95 677.9 -106003 53312.7 33.6663 43.8593 -1821.25
99000 -624.427 730228 39.97 26.95 677.9 -105807 53439.6 -21.3627 27.8143 -1879.73
100000 -556.024 730228 39.97 26.95 677.9 -105739 53373.5 33.6522 90.6435 -1792.37
101000 -581.121 730228 39.97 26.95 677.9 -105542 53484.4 -39.9312 136.293 -1839.72
102000 -692.371 730228 39.97 26.95 677.9 -105707 53500.7 -82.3624 -9.91526 -1984.84
103000 -499.236 730228 39.97 26.95 677.9 -105731 53439.1 111.099 202.743 -1811.55
104000 -601.026 730228 39.97 26.95 677.9 -105793 53347.5 13.7039 110.176 -1926.96
105000 -628.292 730228 39.97 26.95 677.9 -105807 53432 20.6811 29.4368 -1934.99
106000 -605.231 730228 39.97 26.95 677.9 -105754 53466.5 41.5936 62.298 -1919.58
107000 -562.033 730228 39.97 26.95 677.9 -105798 53390.4 98.2513 80.4966 -1864.85
108000 -549.851 730228 39.97 26.95 677.9 -105766 53477.4 121.755 54.0702 -1825.38
109000 -697.998 730228 39.97 26.95 677.9 -105804 53434.9 -93.2121 18.1804 -2018.96
110000 -715.523 730228 39.97 26.95 677.9 -105886 53378.8 -143.878 -34.3222 -1968.37
111000 -682.276 730228 39.97 26.95 677.9 -105739 53432 -99.0478 20.4928 -1968.27
112000 -608.686 730228 39.97 26.95 677.9 -105784 53455.4 -50.9612 91.9547 -1867.05
113000 -603.06 730228 39.97 26.95 677.9 -105839 53418.9 -2.34446 49.6157 -1856.45
114000 -600.978 730228 39.97 26.95 677.9 -105731 53418.3 19.5553 68.5276 -1891.02
115000 -685.702 730228 39.97 26.95 677.9 -105730 53454.5 -64.934 13.1102 -2005.28
116000 -582.68 730228 39.97 26.95 677.9 -105922 53415.2 72.8023 98.1011 -1918.94
117000 -677.912 730228 39.97 26.95 677.9 -105769 53390.5 -33.1181 22.536 -2023.15
118000 -626.596 730228 39.97 26.95 677.9 -105828 53518.3 -4.27681 52.2168 -1927.73
119000 -610.154 730228 39.97 26.95 677.9 -105987 53368.3 -7.79785 18.5258 -1841.19
120000 -594.218 730228 39.97 26.95 677.9 -105834 53393.7 3.01058 46.1532 -1831.82
121000 -590.627 730228 39.97 26.95 677.9 -105874 53336.2 36.5548 116.873 -1925.31
122000 -549.766 730228 39.97 26.95 677.9 -105834 53466.2 86.3211 202.183 -1937.8
123000 -606.603 730228 39.97 26.95 677.9 -105642 53430.9 57.1257 36.7313 -1913.67
124000 -628.892 730228 39.97 26.95 677.9 -105751 53411.6 -17.6 45.364 -1914.44
125000 -595.639 730228 39.97 26.95 677.9 -105782 53410 -27.5404 92.5321 -1851.91
126000 -657.487 730228 39.97 26.95 677.9 -105712 53482.5 -42.255 -60.11 -1870.1
127000 -579.635 730228 39.97 26.95 677.9 -105658 53552.1 26.359 82.4098 -1847.67
128000 -610.43 730228 39.97 26.95 677.9 -105696 53466.4 -8.2331 50.5383 -1873.59
129000 -592.709 730228 39.97 26.95 677.9 -105679 53454.4 -48.2619 77.9961 -1807.86
130000 -677.418 730228 39.97 26.95 677.9 -105850 53388.9 -78.3208 -25.9033 -1928.03
131000 -708.081 730228 39.97 26.95 677.9 -105728 53415 -62.2953 -71.6289 -1990.32
132000 -680.62 730228 39.97 26.95 677.9 -105888 53460.8 -119.631 14.7389 -1936.97
133000 -656.311 730228 39.97 26.95 677.9 -106191 53415.2 -50.3605 -1.53603 -1917.04
134000 -681.228 730228 39.97 26.95 677.9 -106044 53470.3 -48.6344 47.5228 -2042.57
135000 -637.072 730228 39.97 26.95 677.9 -105952 53413.3 2.80398 62.4132 -1976.43
136000 -728.727 730228 39.97 26.95 677.9 -105831 53475 -91.9393 -5.99239 -2088.25
137000 -647.35 730228 39.97 26.95 677.9 -105890 53377.3 -30.3922 61.6739 -1973.33
138000 -582.433 730228 39.97 26.95 677.9 -105932 53374.8 17.5309 76.4452 -1841.28
139000 -625.969 730228 39.97 26.95 677.9 -106023 53403.1 -30.2724 106.466 -1954.1
140000 -710.884 730228 39.97 26.95 677.9 -105977 53460.7 -98.7021 -43.7375 -1990.21
141000 -620.139 730228 39.97 26.95 677.9 -106108 53324.8 -73.8448 135.88 -1922.45
142000 -536.061 730228 39.97 26.95 677.9 -105931 53397 43.8385 115.899 -1767.92
143000 -643.563 730228 39.97 26.95 677.9 -105954 53502.3 -54.2832 99.2347 -1975.64
144000 -687.219 730228 39.97 26.95 677.9 -105806 53472.4 -59.3504 29.4522 -2031.76
145000 -654.277 730228 39.97 26.95 677.9 -106005 53344.7 -39.1392 91.0725 -2014.76
146000 -658.892 730228 39.97 26.95 677.9 -105863 53443.6 -50.1888 28.2742 -1954.76
147000 -581.254 730228 39.97 26.95 677.9 -105831 53495.6 47.4649 147.444 -1938.67
148000 -664.292 730228 39.97 26.95 677.9 -105863 53439.9 -24.7573 10.9293 -1979.05
149000 -640.769 730228 39.97 26.95 677.9 -105892 53390.5 -12.0401 25.9459 -1936.21
150000 -559.305 730228 39.97 26.95 677.9 -105814 53625.3 29.9259 119.304 -1827.15
151000 -555.813 730228 39.97 26.95 677.9 -106007 53444.2 154.241 63.0964 -1884.78
152000 -613.306 730228 39.97 26.95 677.9 -106020 53410.3 -3.77876 105.348 -1941.49
153000 -670.862 730228 39.97 26.95 677.9 -106015 53344.7 -12.7455 -12.1503 -1987.69
154000 -591.41 730228 39.97 26.95 677.9 -105770 53455.1 28.583 130.899 -1933.71
155000 -633.418 730228 39.97 26.95 677.9 -105862 53511.3 -9.9204 71.9687 -1962.3
156000 -617.527 730228 39.97 26.95 677.9 -106176 53352.3 -58.6273 106.377 -1900.33
157000 -610.884 730228 39.97 26.95 677.9 -105951 53451.7 -30.8543 87.3598 -1889.16
158000 -534.468 730228 39.97 26.95 677.9 -105978 53470.2 75.5379 128.837 -1807.78
159000 -589.487 730228 39.97 26.95 677.9 -105860 53615.3 13.8169 102.857 -1885.13
160000 -602.298 730228 39.97 26.95 677.9 -106174 53393.9 56.5052 56.5454 -1919.94
161000 -662.023 730228 39.97 26.95 677.9 -105836 53565.3 26.0142 -40.924 -1971.16
162000 -527.319 730228 39.97 26.95 677.9 -106252 53393 172.739 142.243 -1896.94
163000 -544.749 730228 39.97 26.95 677.9 -106007 53545 132.634 102.643 -1869.52
164000 -598.355 730228 39.97 26.95 677.9 -106198 53444.3 12.6542 -25.2632 -1782.46
165000 -550.07 730228 39.97 26.95 677.9 -106228 53450.6 62.9369 116.044 -1829.19
166000 -612.331 730228 39.97 26.95 677.9 -106087 53441.1 16.4378 16.5474 -1869.98
167000 -606.073 730228 39.97 26.95 677.9 -106190 53445.8 -20.4006 79.522 -1877.34
168000 -662.19 730228 39.97 26.95 677.9 -106051 53432.1 -29.0131 -14.2882 -1943.27
169000 -508.668 730228 39.97 26.95 677.9 -105980 53489.9 113.89 188.129 -1828.02
170000 -554.566 730228 39.97 26.95 677.9 -106127 53367.1 55.4947 92.2196 -1811.41
171000 -668.886 730228 39.97 26.95 677.9 -106104 53348.6 -45.9916 -42.407 -1918.26
172000 -645.178 730228 39.97 26.95 677.9 -106035 53441.3 -67.1773 -33.6359 -1834.72
173000 -686.074 730228 39.97 26.95 677.9 -106089 53426 -125.009 -89.4832 -1843.73
174000 -623.705 730228 39.97 26.95 677.9 -106039 53412.3 -73.6853 -1.97808 -1795.45
175000 -612.332 730228 39.97 26.95 677.9 -106169 53445.8 -60.3929 10.664 -1787.27
176000 -674.582 730228 39.97 26.95 677.9 -105980 53389.9 -80.9639 -54.3286 -1888.45
177000 -643.252 730228 39.97 26.95 677.9 -105995 53468.4 -103.328 38.3346 -1864.76
178000 -637.296 730228 39.97 26.95 677.9 -105907 53477.1 -80.2009 94.5706 -1926.26
179000 -721.454 730228 39.97 26.95 677.9 -105784 53519.9 -129.277 -6.29931 -2028.79
180000 -705.62 730228 39.97 26.95 677.9 -105956 53495.4 -76.5914 -92.5003 -1947.77
181000 -697.484 730228 39.97 26.95 677.9 -106131 53404.3 -136.31 -7.51179 -1948.63
182000 -711.522 730228 39.97 26.95 677.9 -106028 53430.5 -166.023 -35.4002 -1933.14
183000 -764.191 730228 39.97 26.95 677.9 -106165 53425.2 -143.094 -72.986 -2076.49
184000 -697.991 730228 39.97 26.95 677.9 -105915 53495.7 -144.671 43.4923 -1992.79
185000 -638.64 730228 39.97 26.95 677.9 -106129 53468.1 -70.1525 59.9504 -1905.72
186000 -667.433 730228 39.97 26.95 677.9 -105884 53485.2 -85.5709 1.58572 -1918.31
187000 -626.073 730228 39.97 26.95 677.9 -106143 53434.2 -113.638 80.6008 -1845.18
188000 -669.993 730228 39.97 26.95 677.9 -106176 53412 -108.621 58.5822 -1959.94
189000 -600.947 730228 39.97 26.95 677.9 -106105 53425.5 13.476 95.2846 -1911.6
190000 -607.263 730228 39.97 26.95 677.9 -106081 53445.1 24.7776 46.6355 -1893.2
191000 -633.581 730228 39.97 26.95 677.9 -106103 53448.3 -1.20145 -9.01051 -1890.53
192000 -690.454 730228 39.97 26.95 677.9 -106123 53404.1 -85.4374 63.8896 -2049.81
193000 -622.3 730228 39.97 26.95 677.9 -106166 53398.3 -25.7957 35.3368 -1876.44
194000 -659.445 730228 39.97 26.95 677.9 -106173 53441.3 -19.6537 -2.89165 -1955.79
195000 -733.56 730228 39.97 26.95 677.9 -106212 53389.5 -132.921 32.4566 -2100.22
196000 -683.706 730228 39.97 26.95 677.9 -106312 53390.1 -49.9575 -20.0413 -1981.12
197000 -617.947 730228 39.97 26.95 677.9 -105981 53520.6 1.80536 134.083 -1989.73
198000 -609.782 730228 39.97 26.95 677.9 -106054 53437.4 24.1382 99.7231 -1953.21
199000 -605.657 730228 39.97 26.95 677.9 -106005 53415.7 -2.78266 30.4956 -1844.68
200000 -567.813 730228 39.97 26.95 677.9 -106003 53403.3 94.8052 139.613 -1937.86
201000 -662.489 730228 39.97 26.95 677.9 -106017 53404.3 -100.052 77.8946 -1965.31
202000 -636.046 730228 39.97 26.95 677.9 -105902 53475.2 -39.219 -4.24487 -1864.67
203000 -690.237 730228 39.97 26.95 677.9 -105929 53506.8 -17.0643 61.5514 -2115.2
204000 -714.524 730228 39.97 26.95 677.9 -106003 53481.7 -71.1324 12.8449 -2085.28
205000 -715.305 730228 39.97 26.95 677.9 -106061 53446.2 -87.4818 -33.4868 -2024.95
206000 -663.203 730228 39.97 26.95 677.9 -105990 53444.9 -46.3074 25.9246 -1969.23
207000 -735.175 730228 39.97 26.95 677.9 -106036 53422.1 -178.115 -18.8774 -2008.53
208000 -644.388 730228 39.97 26.95 677.9 -106160 53372.5 -111.245 98.2367 -1920.15
209000 -648.108 730228 39.97 26.95 677.9 -106147 53405.9 14.1275 14.6371 -1973.09
210000 -586.61 730228 39.97 26.95 677.9 -106035 53406.8 52.003 93.6168 -1905.45
211000 -720.007 730228 39.97 26.95 677.9 -105851 53554.4 -155.133 -11.9581 -1992.93
212000 -585.842 730228 39.97 26.95 677.9 -105995 53489.2 11.2391 96.0983 -1864.86
213000 -570.795 730228 39.97 26.95 677.9 -105868 53523.4 38.1359 67.9192 -1818.44
214000 -674.511 730228 39.97 26.95 677.9 -105762 53485.5 -94.8624 21.0746 -1949.75
215000 -656.956 730228 39.97 26.95 677.9 -105916 53458.2 -51.193 -2.03603 -1917.64
216000 -629.46 730228 39.97 26.95 677.9 -105871 53512.8 -26.5297 46.3526 -1908.2
217000 -667.76 730228 39.97 26.95 677.9 -105953 53453.1 -126.052 59.43 -1936.66
218000 -663.736 730228 39.97 26.95 677.9 -105903 53459.7 -100.253 65.641 -1956.6
219000 -666.188 730228 39.97 26.95 677.9 -105929 53453.9 -11.3667 -10.1159 -1977.08
220000 -614.864 730228 39.97 26.95 677.9 -105772 53496.3 -9.45986 91.1611 -1926.29
221000 -649.719 730228 39.97 26.95 677.9 -106063 53486.6 -22.5277 -33.7334 -1892.9
222000 -697.097 730228 39.97 26.95 677.9 -105897 53436.1 -96.3002 1.10716 -1996.1
223000 -664.542 730228 39.97 26.95 677.9 -106078 53387.5 -29.9729 8.97672 -1972.63
224000 -679.261 730228 39.97 26.95 677.9 -105896 53556.1 33.6905 -35.9559 -2035.52
225000 -705.705 730228 39.97 26.95 677.9 -106000 53516.2 -32.9332 -76.3488 -2007.83
226000 -680.105 730228 39.97 26.95 677.9 -106100 53435.8 23.9183 -34.8758 -2029.36
227000 -636.732 730228 39.97 26.95 677.9 -106121 53452.9 7.16961 -30.7074 -1886.66
228000 -700.876 730228 39.97 26.95 677.9 -106076 53495.2 -110.921 41.1177 -2032.83
229000 -686.184 730228 39.97 26.95 677.9 -106102 53430.3 -106.54 -10.3222 -1941.69
230000 -667.725 730228 39.97 26.95 677.9 -106160 53418 -63.9498 5.25811 -1944.48
231000 -598.309 730228 39.97 26.95 677.9 -106026 53439.7 25.7975 77.5854 -1898.31
232000 -680.327 730228 39.97 26.95 677.9 -106256 53347.5 -7.23924 -52.1387 -1981.6
233000 -667.036 730228 39.97 26.95 677.9 -106166 53318.4 -91.5987 72.371 -1981.88
234000 -627.996 730228 39.97 26.95 677.9 -106096 53436.1 -11.0886 66.3652 -1939.26
235000 -631.431 730228 39.97 26.95 677.9 -105962 53437.8 -5.06957 26.3968 -1915.62
236000 -667.767 730228 39.97 26.95 677.9 -106126 53306.8 -53.8245 -31.1555 -1918.32
237000 -662.731 730228 39.97 26.95 677.9 -106037 53403.2 -88.3598 10.1602 -1909.99
238000 -678.239 730228 39.97 26.95 677.9 -105890 53479.4 -117.4 54.912 -1972.23
239000 -682.54 730228 39.97 26.95 677.9 -106013 53441.9 -55.7407 -8.52009 -1983.36
240000 -706.909 730228 39.97 26.95 677.9 -105991 53402.6 -124.054 30.3065 -2026.98
241000 -705.144 730228 39.97 26.95 677.9 -105886 53465.7 -101.579 21.6538 -2035.51
242000 -650.588 730228 39.97 26.95 677.9 -105932 53523.2 -13.9379 17.5386 -1955.36
243000 -640.617 730228 39.97 26.95 677.9 -105998 53421.4 -55.685 75.2678 -1941.43
244000 -672.768 730228 39.97 26.95 677.9 -105975 53383.8 -118.185 66.7326 -1966.85
245000 -619.625 730228 39.97 26.95 677.9 -105786 53458.9 -70.7644 151.86 -1939.97
246000 -649.561 730228 39.97 26.95 677.9 -105867 53441.3 -123.326 174.203 -1999.56
247000 -653.324 730228 39.97 26.95 677.9 -105850 53494.5 -66.0875 109.541 -2003.42
248000 -652.565 730228 39.97 26.95 677.9 -105986 53439.2 -87.8708 51.5487 -1921.37
249000 -594.997 730228 39.97 26.95 677.9 -106122 53480.1 4.69113 89.515 -1879.2
250000 -659.489 730228 39.97 26.95 677.9 -106237 53431 -170.816 -26.9133 -1780.74
251000 -647.08 730228 39.97 26.95 677.9 -106116 53421.8 -174.118 82.4572 -1849.58
252000 -690.478 730228 39.97 26.95 677.9 -105905 53479 -195.182 51.4241 -1927.68
253000 -583.687 730228 39.97 26.95 677.9 -106068 53475.4 -70.6315 74.2504 -1754.68
254000 -590.381 730228 39.97 26.95 677.9 -106066 53480.1 -95.7672 124.13 -1799.51
255000 -675.734 730228 39.97 26.95 677.9 -106076 53471.8 -173.846 87.8346 -1941.19
256000 -657.031 730228 39.97 26.95 677.9 -106156 53334.8 -123.754 102.78 -1950.12
257000 -752.716 730228 39.97 26.95 677.9 -105951 53385.8 -186.65 -77.6874 -1993.81
258000 -704.664 730228 39.97 26.95 677.9 -106022 53483.5 -123.585 13.7584 -2004.16
259000 -703.01 730228 39.97 26.95 677.9 -106166 53352.2 -218.236 43.1501 -1933.95
260000 -588.506 730228 39.97 26.95 677.9 -106059 53384.5 -9.43901 81.7072 -1837.79
261000 -634.72 730228 39.97 26.95 677.9 -106108 53423 -49.4593 82.4038 -1937.1
262000 -586.893 730228 39.97 26.95 677.9 -105876 53512.6 -60.3821 180.57 -1880.87
263000 -612.535 730228 39.97 26.95 677.9 -105954 53518.2 -31.8663 66.0384 -1871.78
264000 -657.853 730228 39.97 26.95 677.9 -105903 53466.7 -85.5493 87.704 -1975.71
265000 -666.73 730228 39.97 26.95 677.9 -106004 53470.2 -83.7874 82.8667 -1999.27
266000 -654.923 730228 39.97 26.95 677.9 -106132 53457.1 -93.4445 98.9128 -1970.24
267000 -595.246 730228 39.97 26.95 677.9 -106213 53479.4 -9.60499 139.923 -1916.06
268000 -720.506 730228 39.97 26.95 677.9 -106266 53388.9 -126.533 -2.35376 -2032.63
269000 -648.869 730228 39.97 26.95 677.9 -106276 53412.3 -97.8307 85.9599 -1934.74
270000 -553.397 730228 39.97 26.95 677.9 -106074 53434.5 3.01032 145.071 -1808.27
271000 -558.197 730228 39.97 26.95 677.9 -105975 53409.2 55.51 64.4935 -1794.59
272000 -567.196 730228 39.97 26.95 677.9 -105938 53407.3 4.19342 143.607 -1849.39
273000 -601.844 730228 39.97 26.95 677.9 -105990 53435.5 -28.1106 78.9591 -1856.38
274000 -592.906 730228 39.97 26.95 677.9 -105964 53464.3 -66.3039 104.136 -1816.55
275000 -653.872 730228 39.97 26.95 677.9 -105935 53502.5 -161.756 101.083 -1900.94
276000 -572.073 730228 39.97 26.95 677.9 -105915 53458.8 29.7478 119.951 -1865.92
277000 -648.02 730228 39.97 26.95 677.9 -105911 53383.9 -122.21 92.0026 -1913.85
278000 -675.07 730228 39.97 26.95 677.9 -105962 53396.3 -146.79 15.0582 -1893.48
279000 -658.952 730228 39.97 26.95 677.9 -105975 53383.5 -97.7287 59.3472 -1938.47
280000 -670.651 730228 39.97 26.95 677.9 -105888 53471.4 -47.2998 -15.3952 -1949.26
281000 -622.318 730228 39.97 26.95 677.9 -105857 53557.2 -4.78604 66.3238 -1928.49
282000 -666.097 730228 39.97 26.95 677.9 -105956 53414.3 -61.0101 74.7861 -2012.07
283000 -619.973 730228 39.97 26.95 677.9 -105739 53538.7 -22.2518 101.016 -1938.68
284000 -679.497 730228 39.97 26.95 677.9 -105976 53435.5 -50.0761 -7.61297 -1980.8
285000 -708.868 730228 39.97 26.95 677.9 -106015 53445.8 -101.996 5.18685 -2029.79
286000 -678.871 730228 39.97 26.95 677.9 -105931 53352.9 -100.046 34.5469 -1971.11
287000 -645.722 730228 39.97 26.95 677.9 -105753 53529.3 30.439 80.9086 -2048.51
288000 -728.528 730228 39.97 26.95 677.9 -105989 53419.6 -116.792 -9.10671 -2059.68
289000 -648.504 730228 39.97 26.95 677.9 -105839 53512.3 -12.7416 -26.4547 -1906.32
290000 -675.973 730228 39.97 26.95 677.9 -105861 53443.7 -136.237 66.1691 -1957.85
291000 -670.343 730228 39.97 26.95 677.9 -105777 53488.8 -40.3736 60.3323 -2030.99
292000 -662.569 730228 39.97 26.95 677.9 -105634 53534.9 -120.272 101.037 -1968.47
293000 -660.667 730228 39.97 26.95 677.9 -106047 53365.8 -93.9683 94.2514 -1982.28
294000 -654.364 730228 39.97 26.95 677.9 -105976 53452.1 -39.6862 16.6565 -1940.06
295000 -632.371 730228 39.97 26.95 677.9 -105914 53407.8 -79.6662 98.284 -1915.73
296000 -683.141 730228 39.97 26.95 677.9 -105910 53355.4 -98.1783 117.994 -2069.24
297000 -629.37 730228 39.97 26.95 677.9 -105896 53420.2 -41.6537 37.0346 -1883.49
298000 -690.869 730228 39.97 26.95 677.9 -105817 53495.3 -87.6234 38.7007 -2023.69
299000 -661.828 730228 39.97 26.95 677.9 -105843 53465.5 -114.333 111.21 -1982.36
300000 -721.097 730228 39.97 26.95 677.9 -106035 53339.3 -122.457 -31.1382 -2009.7
301000 -673.994 730228 39.97 26.95 677.9 -105712 53543.5 -105.406 49.1824 -1965.76
302000 -656.42 730228 39.97 26.95 677.9 -105852 53470 -51.9566 11.1351 -1928.44
303000 -674.359 730228 39.97 26.95 677.9 -105899 53438.4 -68.9954 -10.0149 -1944.07
304000 -701.043 730228 39.97 26.95 677.9 -105683 53564.8 -95.9653 23.9643 -2031.13
305000 -568.014 730228 39.97 26.95 677.9 -105770 53515.2 10.2005 152.577 -1866.82
306000 -540.842 730228 39.97 26.95 677.9 -105958 53470.1 80.0228 131.973 -1834.52
307000 -565.08 730228 39.97 26.95 677.9 -105924 53463.9 -43.2966 175.382 -1827.33
308000 -674.599 730228 39.97 26.95 677.9 -106143 53294.3 -115.994 49.7377 -1957.54
309000 -549.704 730228 39.97 26.95 677.9 -105955 53385.3 6.38096 186.152 -1841.65
310000 -588.783 730228 39.97 26.95 677.9 -105813 53464.2 -50.3696 93.3617 -1809.34
311000 -618.688 730228 39.97 26.95 677.9 -105751 53509.8 -100.132 88.1831 -1844.11
312000 -654.592 730228 39.97 26.95 677.9 -105867 53443.2 -114.305 72.5896 -1922.06
313000 -639.11 730228 39.97 26.95 677.9 -105753 53481.8 -92.2485 48.5337 -1873.62
314000 -602.476 730228 39.97 26.95 677.9 -105716 53526.7 59.8272 4.64147 -1871.9
315000 -636.014 730228 39.97 26.95 677.9 -105705 53495.5 -49.0541 5.93384 -1864.92
316000 -689.734 730228 39.97 26.95 677.9 -105761 53505.2 -107.871 26.518 -1987.85
317000 -617.503 730228 39.97 26.95 677.9 -105929 53460.1 -59.78 5.59163 -1798.32
318000 -588.128 730228 39.97 26.95 677.9 -105857 53443 28.116 38.7066 -1831.21
319000 -628.119 730228 39.97 26.95 677.9 -105937 53333.8 -58.1126 31.1645 -1857.41
320000 -677.071 730228 39.97 26.95 677.9 -105902 53414 -87.5861 -53.896 -1889.73
321000 -659.565 730228 39.97 26.95 677.9 -106085 53390.2 -67.6198 -11.6635 -1899.41
322000 -653.951 730228 39.97 26.95 677.9 -105876 53432.6 -42.4804 14.9538 -1934.33
323000 -620.028 730228 39.97 26.95 677.9 -105935 53462.2 -24.4848 65.5417 -1901.14
324000 -618.7 730228 39.97 26.95 677.9 -106027 53430.4 -56.1572 28.1748 -1828.12
325000 -620.729 730228 39.97 26.95 677.9 -106014 53406.3 4.35467 36.2617 -1902.8
326000 -609.972 730228 39.97 26.95 677.9 -106218 53330.6 -41.7321 116.41 -1904.59
327000 -668.148 730228 39.97 26.95 677.9 -105871 53386.4 -117.507 -3.22106 -1883.72
328000 -653.468 730228 39.97 26.95 677.9 -105991 53429.1 -93.2493 55.6408 -1922.8
329000 -567.032 730228 39.97 26.95 677.9 -106054 53439.8 1.94037 87.5012 -1790.54
330000 -629.937 730228 39.97 26.95 677.9 -105969 53347 -13.7409 16.4809 -1892.55
331000 -626.138 730228 39.97 26.95 677.9 -106060 53455.2 -63.8708 35.4711 -1850.01
332000 -709.871 730228 39.97 26.95 677.9 -106049 53435.6 -98.2352 -110.735 -1920.64
333000 -638.02 730228 39.97 26.95 677.9 -106000 53459.1 -43.6114 -13.6148 -1856.83
334000 -659.445 730228 39.97 26.95 677.9 -105768 53429.5 -54.0055 19.9131 -1944.24
335000 -638.853 730228 39.97 26.95 677.9 -105710 53553.5 -85.1257 123.337 -1954.77
336000 -641.968 730228 39.97 26.95 677.9 -105834 53452.9 -79.5222 94.8792 -1941.26
337000 -663.11 730228 39.97 26.95 677.9 -105833 53472.3 -100.367 62.382 -1951.34
338000 -588.006 730228 39.97 26.95 677.9 -106066 53462.9 -64.7587 111.451 -1810.71
339000 -657.145 730228 39.97 26.95 677.9 -105872 53432.1 -105.932 16.672 -1882.18
340000 -691.591 730228 39.97 26.95 677.9 -105969 53400.1 -133.953 -2.14697 -1938.67
341000 -667.945 730228 39.97 26.95 677.9 -106114 53409.2 -33.5878 24.9727 -1995.22
342000 -582.842 730228 39.97 26.95 677.9 -106156 53426.3 0.437254 117.471 -1866.44
343000 -718.342 730228 39.97 26.95 677.9 -105877 53439.5 -144.912 -26.712 -1983.4
344000 -697.143 730228 39.97 26.95 677.9 -105932 53427.8 -118.278 -13.8037 -1959.35
345000 -799.55 730228 39.97 26.95 677.9 -105873 53445.3 -199.3 -147.212 -2052.14
346000 -748.467 730228 39.97 26.95 677.9 -106018 53365.4 -109.201 -81.4411 -2054.76
347000 -679.573 730228 39.97 26.95 677.9 -105996 53499.2 -101.008 71.2471 -2008.96
348000 -654.693 730228 39.97 26.95 677.9 -106105 53402.6 -36.2551 6.36538 -1934.19
349000 -676.77 730228 39.97 26.95 677.9 -106038 53370.3 -108.051 23.4298 -1945.69
350000 -725.043 730228 39.97 26.95 677.9 -105931 53403.2 -132.326 -59.586 -1983.22
351000 -689.981 730228 39.97 26.95 677.9 -105916 53406.1 -173.281 15.6736 -1912.34
352000 -727.183 730228 39.97 26.95 677.9 -105969 53426 -189.449 30.5917 -2022.69
353000 -602.784 730228 39.97 26.95 677.9 -106069 53433.6 -8.7834 145.233 -1944.8
354000 -641.56 730228 39.97 26.95 677.9 -105860 53455.6 -48.608 67.0058 -1943.08
355000 -659.141 730228 39.97 26.95 677.9 -105946 53434.5 -79.8896 65.7813 -1963.31
356000 -684.046 730228 39.97 26.95 677.9 -105742 53542.5 -37.4591 -20.4262 -1994.25
357000 -637.409 730228 39.97 26.95 677.9 -105973 53446.6 -22.4008 44.6758 -1934.5
358000 -699.007 730228 39.97 26.95 677.9 -106134 53302.6 -49.1339 29.4663 -2077.35
359000 -713.48 730228 39.97 26.95 677.9 -105842 53508.3 -79.9076 13.2674 -2073.8
360000 -655.613 730228 39.97 26.95 677.9 -106026 53404.1 -94.1987 49.7017 -1922.34
361000 -709.322 730228 39.97 26.95 677.9 -106076 53420.4 -123.416 -16.6118 -1987.94
362000 -759.665 730228 39.97 26.95 677.9 -105905 53414.4 -147.575 -50.8105 -2080.61
363000 -746.575 730228 39.97 26.95 677.9 -105697 53500.8 -189.433 -53.7933 -1996.5
364000 -630.336 730228 39.97 26.95 677.9 -106064 53455.9 -38.1265 52.2188 -1905.1
365000 -723.62 730228 39.97 26.95 677.9 -105983 53436.2 -94.8687 -54.3048 -2021.69
366000 -702.735 730228 39.97 26.95 677.9 -106109 53366.7 -122.692 7.37759 -1992.89
367000 -705.406 730228 39.97 26.95 677.9 -106212 53352.1 -65.5044 -34.2749 -2016.44
368000 -710.434 730228 39.97 26.95 677.9 -105888 53518.5 -117.502 -26.1926 -1987.61
369000 -714.94 730228 39.97 26.95 677.9 -105997 53453.8 -138.056 -58.8704 -1947.9
370000 -697.257 730228 39.97 26.95 677.9 -105952 53463.2 -110.272 -44.3752 -1937.12
371000 -620.46 730228 39.97 26.95 677.9 -106047 53412.5 -53.1689 26.5486 -1834.76
372000 -628.164 730228 39.97 26.95 677.9 -106007 53471.7 1.96636 20.3177 -1906.78
373000 -651.837 730228 39.97 26.95 677.9 -105854 53517.1 -60.511 -33.7247 -1861.27
374000 -664.146 730228 39.97 26.95 677.9 -105973 53409.7 -70.0958 72.3252 -1994.67
375000 -600.881 730228 39.97 26.95 677.9 -105953 53426.6 -16.4332 71.7721 -1857.98
376000 -650.973 730228 39.97 26.95 677.9 -106045 53364.4 -22.6066 -51.3924 -1878.92
377000 -652.913 730228 39.97 26.95 677.9 -105865 53442.7 -20.0016 25.8407 -1964.58
378000 -657.636 730228 39.97 26.95 677.9 -105724 53553.1 -13.4243 -59.4163 -1900.07
379000 -707.131 730228 39.97 26.95 677.9 -105870 53523.6 -79.1504 -11.7013 -2030.54
380000 -752.614 730228 39.97 26.95 677.9 -105937 53507 -139.383 -104.961 -2013.5
381000 -819.912 730228 39.97 26.95 677.9 -105840 53380.1 -229.866 -138.053 -2091.82
382000 -733.335 730228 39.97 26.95 677.9 -105830 53408.2 -154.828 -88.985 -1956.19
383000 -708.235 730228 39.97 26.95 677.9 -105868 53469.1 -120.149 -46.992 -1957.56
384000 -688.35 730228 39.97 26.95 677.9 -106008 53450.1 -117.928 -27.5058 -1919.62
385000 -762.11 730228 39.97 26.95 677.9 -105966 53521.1 -130.944 -100.65 -2054.74
386000 -658.995 730228 39.97 26.95 677.9 -106129 53494.4 -27.0014 -43.2038 -1906.78
387000 -632.538 730228 39.97 26.95 677.9 -105918 53470.3 -66.0921 38.8281 -1870.35
388000 -619.917 730228 39.97 26.95 677.9 -105909 53488.9 -6.53075 10.7501 -1863.97
389000 -667.504 730228 39.97 26.95 677.9 -105975 53471.9 -58.4846 -17.8073 -1926.22
390000 -632.716 730228 39.97 26.95 677.9 -105912 53506.2 -34.3621 -21.6381 -1842.15
391000 -673.78 730228 39.97 26.95 677.9 -105987 53488.9 -68.0062 -7.34012 -1946
392000 -717.538 730228 39.97 26.95 677.9 -106125 53386.3 -139.122 -17.5976 -1995.9
393000 -712.554 730228 39.97 26.95 677.9 -106259 53300.8 -101.425 -50.0154 -1986.22
394000 -674.391 730228 39.97 26.95 677.9 -106068 53412.7 -75.5053 -12.6058 -1935.06
395000 -669.938 730228 39.97 26.95 677.9 -105954 53492.2 -113.742 -4.41204 -1891.66
396000 -679.358 730228 39.97 26.95 677.9 -105927 53442.8 -10.3698 -61.0262 -1966.68
397000 -604.717 730228 39.97 26.95 677.9 -105989 53514.3 -11.9042 79.3047 -1881.55
398000 -700.722 730228 39.97 26.95 677.9 -105807 53460.3 -54.296 -71.1118 -1976.76
399000 -707.747 730228 39.97 26.95 677.9 -105930 53410.8 -131.009 -63.7071 -1928.52
400000 -641.215 730228 39.97 26.95 677.9 -105956 53491.4 -44.6042 27.7413 -1906.78
401000 -604.078 730228 39.97 26.95 677.9 -106201 53416.9 43.0706 46.5071 -1901.81
402000 -624.076 730228 39.97 26.95 677.9 -106095 53482.3 -63.41 120.939 -1929.76
403000 -680.773 730228 39.97 26.95 677.9 -105978 53488.4 -117.704 -8.99957 -1915.62
404000 -648.608 730228 39.97 26.95 677.9 -105985 53419.8 -68.6453 -12.1458 -1865.03
405000 -608.994 730228 39.97 26.95 677.9 -106158 53455.3 47.6687 -1.51091 -1873.14
406000 -644.303 730228 39.97 26.95 677.9 -106030 53503 -31.6611 -8.6716 -1892.58
407000 -642.106 730228 39.97 26.95 677.9 -106235 53379.6 -105.269 89.7936 -1910.84
408000 -743.932 730228 39.97 26.95 677.9 -106031 53461.1 -164.18 -71.1725 -1996.44
409000 -646.334 730228 39.97 26.95 677.9 -105936 53577.2 -45.0682 -0.342737 -1893.59
410000 -699.356 730228 39.97 26.95 677.9 -106123 53458.5 -76.8194 -37.1605 -1984.09
411000 -677.513 730228 39.97 26.95 677.9 -106145 53373.7 9.65646 -33.7948 -2008.4
412000 -683.488 730228 39.97 26.95 677.9 -106063 53408.9 -72.9548 -48.703 -1928.81
413000 -581.193 730228 39.97 26.95 677.9 -106050 53400.4 26.4982 71.057 -1841.13
414000 -622.21 730228 39.97 26.95 677.9 -105801 53541.7 38.8047 11.3851 -1916.82
415000 -588.336 730228 39.97 26.95 677.9 -106045 53453.3 16.4441 79.3064 -1860.76
416000 -654.199 730228 39.97 26.95 677.9 -105974 53517.1 -70.1939 36.5431 -1928.95
417000 -642.551 730228 39.97 26.95 677.9 -105855 53440.9 35.1702 4.97289 -1967.8
418000 -661.805 730228 39.97 26.95 677.9 -105908 53460.8 -102.114 17.5871 -1900.89
419000 -627.549 730228 39.97 26.95 677.9 -105981 53468.6 -53.097 82.4953 -1912.04
420000 -681.311 730228 39.97 26.95 677.9 -105897 53461.9 -71.7825 -9.08636 -1963.07
421000 -620.053 730228 39.97 26.95 677.9 -105855 53426.4 37.0748 5.91754 -1903.15
422000 -570.223 730228 39.97 26.95 677.9 -106072 53332 107.261 98.7049 -1916.63
423000 -617.251 730228 39.97 26.95 677.9 -106002 53376.8 6.12213 36.9914 -1894.87
424000 -580.76 730228 39.97 26.95 677.9 -105792 53435.3 21.7302 90.3819 -1854.39
425000 -569.483 730228 39.97 26.95 677.9 -105827 53431.3 18.8232 51.1482 -1778.42
426000 -558.221 730228 39.97 26.95 677.9 -105837 53423.9 16.1276 69.5288 -1760.32
427000 -643.91 730228 39.97 26.95 677.9 -105938 53464.7 -115.72 34.3427 -1850.35
428000 -585.859 730228 39.97 26.95 677.9 -105986 53467.4 -12.0048 43.472 -1789.04
429000 -655.106 730228 39.97 26.95 677.9 -105924 53480.2 -17.0833 -37.5682 -1910.67
430000 -666.015 730228 39.97 26.95 677.9 -105883 53475.5 -103.727 35.0199 -1929.34
431000 -654.766 730228 39.97 26.95 677.9 -106122 53315.8 -94.3656 68.5158 -1938.45
432000 -697.917 730228 39.97 26.95 677.9 -106064 53430.2 -132.996 -9.8546 -1950.9
433000 -604.01 730228 39.97 26.95 677.9 -106169 53443 -17.1544 42.8367 -1837.71
434000 -764.101 730228 39.97 26.95 677.9 -106069 53379.2 -122.385 -147.261 -2022.66
435000 -709.163 730228 39.97 26.95 677.9 -106101 53345.2 -158.053 -60.2132 -1909.22
436000 -736.646 730228 39.97 26.95 677.9 -105749 53521.8 -146.863 -95.8541 -1967.22
437000 -622.011 730228 39.97 26.95 677.9 -106045 53347.9 -73.6147 72.6195 -1865.04
438000 -653.914 730228 39.97 26.95 677.9 -105884 53463.7 -63.1103 5.04586 -1903.68
439000 -630.501 730228 39.97 26.95 677.9 -106076 53483.8 -66.4867 50.8499 -1875.87
440000 -669.121 730228 39.97 26.95 677.9 -105997 53407 -38.0789 9.68752 -1978.97
441000 -606.171 730228 39.97 26.95 677.9 -105636 53490.5 -79.4283 93.9473 -1833.03
442000 -716.074 730228 39.97 26.95 677.9 -105703 53429.2 -80.1255 -21.249 -2046.85
443000 -722.629 730228 39.97 26.95 677.9 -105675 53537.6 -138.095 -60.5123 -1969.28
444000 -745.96 730228 39.97 26.95 677.9 -105904 53447.7 -175.806 -54.9092 -2007.16
445000 -562.303 730228 39.97 26.95 677.9 -105755 53495 6.9606 148.535 -1842.41
446000 -655.154 730228 39.97 26.95 677.9 -106017 53391.8 -36.0209 24.1308 -1953.57
447000 -674.893 730228 39.97 26.95 677.9 -106037 53465.8 -92.7369 52.2836 -1984.23
448000 -665.825 730228 39.97 26.95 677.9 -105904 53478.6 -37.0166 -41.6113 -1918.85
449000 -755.437 730228 39.97 26.95 677.9 -105915 53427.6 -198.698 -40.1784 -2027.43
450000 -691.615 730228 39.97 26.95 677.9 -106151 53433.2 -97.3242 25.1802 -2002.7
451000 -669.97 730228 39.97 26.95 677.9 -105910 53440.8 -106.728 48.0501 -1951.23
452000 -687.955 730228 39.97 26.95 677.9 -105920 53344.5 -69.8938 -23.4907 -1970.48
453000 -655.435 730228 39.97 26.95 677.9 -105793 53427.3 -33.477 58.0414 -1990.87
454000 -568.82 730228 39.97 26.95 677.9 -105827 53443.1 -39.6482 100.882 -1767.69
455000 -624.246 730228 39.97 26.95 677.9 -105802 53436 -81.584 80.6333 -1871.79
456000 -619.477 730228 39.97 26.95 677.9 -105733 53547.2 -14.1284 -0.00539198 -1844.3
457000 -560.403 730228 39.97 26.95 677.9 -105962 53367.9 60.8829 102.926 -1845.02
458000 -607.027 730228 39.97 26.95 677.9 -105881 53477.5 -26.3193 111.967 -1906.73
459000 -582.136 730228 39.97 26.95 677.9 -106005 53369.6 -21.5335 194.609 -1919.48
460000 -675.819 730228 39.97 26.95 677.9 -105837 53427 -156.657 100.576 -1971.37
461000 -551.958 730228 39.97 26.95 677.9 -105931 53426.1 -61.3727 199.214 -1793.72
462000 -549.347 730228 39.97 26.95 677.9 -106079 53419.7 16.8497 134.196 -1799.09
463000 -516.898 730228 39.97 26.95 677.9 -106042 53403.8 -5.69611 163.565 -1708.56
464000 -616.791 730228 39.97 26.95 677.9 -106044 53373.6 -90.1854 108.284 -1868.47
465000 -654.595 730228 39.97 26.95 677.9 -105776 53474.3 -104.423 32.5542 -1891.92
466000 -641.48 730228 39.97 26.95 677.9 -105829 53471 5.26654 -11.045 -1918.66
467000 -576.62 730228 39.97 26.95 677.9 -105827 53475 26.3174 86.2453 -1842.42
468000 -599.577 730228 39.97 26.95 677.9 -105812 53523.2 -32.4203 71.155 -1837.46
469000 -551.919 730228 39.97 26.95 677.9 -105786 53509.4 38.7904 130.426 -1824.97
470000 -633.768 730228 39.97 26.95 677.9 -105775 53529.1 -45.7913 21.0256 -1876.54
471000 -584.083 730228 39.97 26.95 677.9 -105922 53449.6 24.9818 39.8704 -1817.1
472000 -579.972 730228 39.97 26.95 677.9 -105995 53483.6 -73.7278 79.5455 -1745.73
473000 -544.455 730228 39.97 26.95 677.9 -106104 53425 57.1429 29.1076 -1719.62
474000 -613.04 730228 39.97 26.95 677.9 -105960 53448.5 47.338 7.64997 -1894.11
475000 -616.308 730228 39.97 26.95 677.9 -105860 53575.2 -33.9313 37.2226 -1852.22
476000 -701.403 730228 39.97 26.95 677.9 -105926 53433.3 -99.8442 -85.4591 -1918.9
477000 -615.17 730228 39.97 26.95 677.9 -105908 53391.1 -7.55556 40.7687 -1878.72
478000 -589.812 730228 39.97 26.95 677.9 -105899 53432.5 -2.29803 53.7776 -1820.92
479000 -580.627 730228 39.97 26.95 677.9 -106094 53396.7 34.2179 66.3554 -1842.45
480000 -742.309 730228 39.97 26.95 677.9 -105992 53421.9 -234.074 2.18952 -1995.04
481000 -631.009 730228 39.97 26.95 677.9 -106124 53449.7 -138.706 75.7461 -1830.07
482000 -661.644 730228 39.97 26.95 677.9 -106058 53468.4 -103.017 3.73814 -1885.65
483000 -641.106 730228 39.97 26.95 677.9 -106009 53441.1 -117.203 93.6003 -1899.72
484000 -643.489 730228 39.97 26.95 677.9 -106229 53339.2 -107.287 48.3342 -1871.51
485000 -670.277 730228 39.97 26.95 677.9 -106151 53396.9 -114.306 23.9324 -1920.46
486000 -764.981 730228 39.97 26.95 677.9 -105906 53522.2 -171.767 -126.013 -1997.16
487000 -669.391 730228 39.97 26.95 677.9 -105943 53409.9 -105.346 19.4874 -1922.31
488000 -643.319 730228 39.97 26.95 677.9 -105958 53437.9 -21.6852 -12.9547 -1895.32
489000 -681.023 730228 39.97 26.95 677.9 -106014 53368.9 -160.228 -39.1895 -1843.65
490000 -669.626 730228 39.97 26.95 677.9 -106004 53411.4 -119.385 54.6502 -1944.14
491000 -636.865 730228 39.97 26.95 677.9 -106174 53424.1 -64.3139 60.4987 -1906.78
492000 -651.495 730228 39.97 26.95 677.9 -106148 53417.2 -7.97956 -31.9521 -1914.55
493000 -616.745 730228 39.97 26.95 677.9 -105901 53472.8 -69.2516 101.376 -1882.36
494000 -704.105 730228 39.97 26.95 677.9 -105864 53483.8 -85.5824 5.54174 -2032.27
495000 -699.7 730228 39.97 26.95 677.9 -105924 53519.3 -58.5046 -120.375 -1920.22
496000 -675.281 730228 39.97 26.95 677.9 -106097 53504.6 -98.6581 -48.8435 -1878.34
497000 -624.83 730228 39.97 26.95 677.9 -106128 53439.4 -51.8878 15.8306 -1838.43
498000 -686.325 730228 39.97 26.95 677.9 -106079 53439.6 -38.3748 -48.8381 -1971.76
499000 -588.301 730228 39.97 26.95 677.9 -106155 53492.4 59.159 81.2674 -1905.33
500000 -542.055 730228 39.97 26.95 677.9 -106286 53397.8 63.4305 168.351 -1857.95
501000 -591.083 730228 39.97 26.95 677.9 -106146 53379.3 51.3486 76.3668 -1900.96
502000 -660.085 730228 39.97 26.95 677.9 -106119 53410.4 -55.4404 33.2837 -1958.1
503000 -693.81 730228 39.97 26.95 677.9 -105978 53462.8 -138.619 57.0363 -1999.85
504000 -673.889 730228 39.97 26.95 677.9 -106048 53474.7 -185.147 73.6786 -1910.2
505000 -630.933 730228 39.97 26.95 677.9 -106036 53455.2 -89.7356 54.3757 -1857.44
506000 -697.096 730228 39.97 26.95 677.9 -105939 53500.1 -150.967 92.9768 -2033.3
507000 -612.686 730228 39.97 26.95 677.9 -105866 53562.8 -28.9713 103.607 -1912.69
508000 -673.62 730228 39.97 26.95 677.9 -106169 53436.8 -90.1367 16.8375 -1947.56
509000 -636.825 730228 39.97 26.95 677.9 -106038 53484.2 -71.3256 14.7684 -1853.92
510000 -648.651 730228 39.97 26.95 677.9 -106306 53414.1 -69.434 47.393 -1923.91
511000 -633.563 730228 39.97 26.95 677.9 -106137 53526.3 -41.7269 54.2685 -1913.23
512000 -661.301 730228 39.97 26.95 677.9 -106087 53457.2 -45.0319 -8.2521 -1930.62
513000 -719.977 730228 39.97 26.95 677.9 -106117 53391 -152.151 -80.3141 -1927.47
514000 -754.738 730228 39.97 26.95 677.9 -106157 53315.2 -150.35 -121.468 -1992.39
515000 -681.603 730228 39.97 26.95 677.9 -105944 53478.7 -127.721 -59.9381 -1857.15
516000 -584.768 730228 39.97 26.95 677.9 -105995 53436.9 -38.6444 33.5613 -1749.22
517000 -636.921 730228 39.97 26.95 677.9 -106104 53416.8 -46.6139 24.0867 -1888.23
518000 -641.606 730228 39.97 26.95 677.9 -106006 53396.4 -99.0141 50.7561 -1876.56
519000 -712.84 730228 39.97 26.95 677.9 -105934 53367.3 -203.818 -17.4595 -1917.24
520000 -601.691 730228 39.97 26.95 677.9 -105891 53491.2 -52.3343 57.0555 -1809.8
521000 -625.542 730228 39.97 26.95 677.9 -105967 53435.9 -139.704 42.3172 -1779.24
522000 -629.063 730228 39.97 26.95 677.9 -106036 53367.8 -121.297 73.1198 -1839.01
523000 -645.511 730228 39.97 26.95 677.9 -106335 53326 -90.6567 -17.2754 -1828.6
524000 -584.705 730228 39.97 26.95 677.9 -106029 53513.2 3.76243 97.3271 -1855.2
525000 -542.842 730228 39.97 26.95 677.9 -106093 53447.9 41.3691 103.838 -1773.73
526000 -569.221 730228 39.97 26.95 677.9 -106102 53443.2 -99.3057 131.267 -1739.62
527000 -627.838 730228 39.97 26.95 677.9 -105920 53433.9 -39.745 15.4947 -1859.26
528000 -563.429 730228 39.97 26.95 677.9 -106132 53383.8 41.7666 80.2743 -1812.33
529000 -647.681 730228 39.97 26.95 677.9 -105875 53475.8 16.346 -40.5064 -1918.88
530000 -509.049 730228 39.97 26.95 677.9 -106011 53434.8 90.0007 176.007 -1793.16
531000 -656.107 730228 39.97 26.95 677.9 -105933 53423.2 -77.0357 40.5044 -1931.79
532000 -635.763 730228 39.97 26.95 677.9 -105961 53354.8 -109.257 76.7098 -1874.74
533000 -650.449 730228 39.97 26.95 677.9 -105940 53439.7 -69.0376 51.9982 -1934.31
534000 -650.5 730228 39.97 26.95 677.9 -105979 53416.6 -60.8245 16.3055 -1906.98
535000 -575.844 730228 39.97 26.95 677.9 -106047 53410.7 -91.8482 89.6695 -1725.35
536000 -604.557 730228 39.97 26.95 677.9 -106100 53433.9 -67.2229 88.7888 -1835.24
537000 -622.845 730228 39.97 26.95 677.9 -106214 53315.9 -86.6535 88.9146 -1870.8
538000 -535.653 730228 39.97 26.95 677.9 -106028 53530.6 57.9184 66.9127 -1731.79
539000 -637.308 730228 39.97 26.95 677.9 -106007 53488.5 -5.05173 5.7487 -1912.62
540000 -635.444 730228 39.97 26.95 677.9 -105974 53428.9 -67.0401 -18.3118 -1820.98
541000 -627.381 730228 39.97 26.95 677.9 -105965 53379.6 -11.385 5.11953 -1875.88
542000 -545.253 730228 39.97 26.95 677.9 -105906 53433 21.4669 150.909 -1808.14
543000 -597.855 730228 39.97 26.95 677.9 -106119 53410.6 -58.5782 97.2009 -1832.19
544000 -620.255 730228 39.97 26.95 677.9 -106096 53391.7 2.97569 38.2803 -1902.02
545000 -567.935 730228 39.97 26.95 677.9 -105946 53471.7 54.4 122.104 -1880.31
546000 -606.312 730228 39.97 26.95 677.9 -106021 53374.6 52.8236 33.8661 -1905.62
547000 -628.679 730228 39.97 26.95 677.9 -105919 53465.7 -24.252 7.08951 -1868.87
548000 -657.902 730228 39.97 26.95 677.9 -105828 53516.9 -5.21044 -21.9378 -1946.56
549000 -602.893 730228 39.97 26.95 677.9 -105827 53556.9 9.52973 61.8906 -1880.1
550000 -583.96 730228 39.97 26.95 677.9 -106200 53337.5 -55.0127 125.48 -1822.35
551000 -654.098 730228 39.97 26.95 677.9 -106041 53417.4 -18.9743 -6.29107 -1937.03
552000 -634.654 730228 39.97 26.95 677.9 -106099 53413.4 -36.7881 26.5812 -1893.76
553000 -698.501 730228 39.97 26.95 677.9 -106013 53449.7 -111.455 -93.187 -1890.86
554000 -628.59 730228 39.97 26.95 677.9 -105996 53386.9 -54.0607 -51.9101 -1779.8
555000 -587.243 730228 39.97 26.95 677.9 -105967 53460.2 -20.3231 10.0509 -1751.46
556000 -560.583 730228 39.97 26.95 677.9 -105922 53445.4 2.61229 73.523 -1757.88
557000 -622.357 730228 39.97 26.95 677.9 -106200 53265.8 -74.5088 33.945 -1826.51
558000 -618.707 730228 39.97 26.95 677.9 -106076 53425.3 -101.141 11.1981 -1766.18
559000 -580.264 730228 39.97 26.95 677.9 -105996 53438.2 -2.47592 96.6642 -1834.98
560000 -550.765 730228 39.97 26.95 677.9 -106000 53398.7 58.0943 104.482 -1814.87
561000 -619.016 730228 39.97 26.95 677.9 -105933 53344.3 -19.2266 -0.278492 -1837.54
562000 -618.472 730228 39.97 26.95 677.9 -105943 53411.8 -51.331 69.4531 -1873.54
563000 -667.367 730228 39.97 26.95 677.9 -106067 53365.5 -77.7723 -4.66965 -1919.66
564000 -653.87 730228 39.97 26.95 677.9 -105887 53511.8 -91.5703 -4.39661 -1865.64
565000 -607.175 730228 39.97 26.95 677.9 -106009 53435.4 -98.0451 89.4436 -1812.92
566000 -590.872 730228 39.97 26.95 677.9 -105996 53446.6 -73.183 107.956 -1807.39
567000 -569.639 730228 39.97 26.95 677.9 -105868 53455.8 28.511 132.772 -1870.2
568000 -617.059 730228 39.97 26.95 677.9 -105993 53398.7 -38.6993 -9.57494 -1802.9
569000 -634.52 730228 39.97 26.95 677.9 -106002 53359.3 -44.407 -8.77339 -1850.38
570000 -563.418 730228 39.97 26.95 677.9 -106002 53410.7 -14.5117 131.007 -1806.75
571000 -634.689 730228 39.97 26.95 677.9 -105882 53403.2 -78.6379 63.9064 -1889.33
572000 -665.486 730228 39.97 26.95 677.9 -106012 53465.9 -120.451 56.4731 -1932.48
573000 -620.581 730228 39.97 26.95 677.9 -105968 53386.3 -40.0318 91.6174 -1913.33
574000 -609.457 730228 39.97 26.95 677.9 -105810 53483.8 -37.7397 65.8226 -1856.45
575000 -619.352 730228 39.97 26.95 677.9 -105930 53455.6 -76.6887 35.5769 -1816.94
576000 -650.906 730228 39.97 26.95 677.9 -106047 53479.3 -127.276 6.97718 -1832.42
577000 -603.357 730228 39.97 26.95 677.9 -105868 53416 -92.5833 106.158 -1823.64
578000 -671.441 730228 39.97 26.95 677.9 -105795 53473.6 -147.977 -29.2111 -1837.13
579000 -548.244 730228 39.97 26.95 677.9 -105949 53451.7 -2.26009 101.629 -1744.1
580000 -626.478 730228 39.97 26.95 677.9 -105952 53515.1 -160.317 101.364 -1820.48
581000 -572.552 730228 39.97 26.95 677.9 -106151 53347.9 -3.96423 98.1961 -1811.89
582000 -581.794 730228 39.97 26.95 677.9 -106002 53406.4 -42.5005 68.9668 -1771.85
583000 -612.762 730228 39.97 26.95 677.9 -105839 53383.5 -55.4632 100.337 -1883.16
584000 -598.968 730228 39.97 26.95 677.9 -105953 53396.7 10.0925 55.0919 -1862.09
585000 -653.915 730228 39.97 26.95 677.9 -105793 53465.7 -75.417 -45.8739 -1840.45
586000 -578.17 730228 39.97 26.95 677.9 -105821 53484.3 -13.8422 86.8365 -1807.5
587000 -671.719 730228 39.97 26.95 677.9 -105823 53437.3 -157.437 42.6963 -1900.42
588000 -563.569 730228 39.97 26.95 677.9 -106015 53386.5 -89.8566 185.329 -1786.18
589000 -640.197 730228 39.97 26.95 677.9 -105858 53428.5 -92.7502 119.214 -1947.05
590000 -603.848 730228 39.97 26.95 677.9 -105801 53411.1 -65.1672 137.785 -1884.16
591000 -608.527 730228 39.97 26.95 677.9 -106044 53396.2 -86.8038 130.39 -1869.17
592000 -605.67 730228 39.97 26.95 677.9 -105988 53372.6 -73.82 124.922 -1868.11
593000 -616.623 730228 39.97 26.95 677.9 -105936 53417.1 -109.468 97.2129 -1837.61
594000 -590.32 730228 39.97 26.95 677.9 -105940 53482 -112.937 131.927 -1789.95
595000 -552.4 730228 39.97 26.95 677.9 -105874 53481.4 -55.1063 171.18 -1773.27
596000 -566.135 730228 39.97 26.95 677.9 -105859 53439.1 -0.400781 129.583 -1827.59
597000 -612.952 730228 39.97 26.95 677.9 -105683 53485.3 -103.774 91.8382 -1826.92
598000 -626.096 730228 39.97 26.95 677.9 -105896 53359.6 -120.133 78.3562 -1836.51
599000 -597.291 730228 39.97 26.95 677.9 -105785 53457 -53.8369 101.525 -1839.56
600000 -538.374 730228 39.97 26.95 677.9 -106036 53358.1 -8.85407 159.099 -1765.37
601000 -543.648 730228 39.97 26.95 677.9 -105756 53411 -94.193 164.641 -1701.39
602000 -560.905 730228 39.97 26.95 677.9 -105779 53405.1 -85.9355 165.328 -1762.11
603000 -565.637 730228 39.97 26.95 677.9 -105766 53426.3 -53.9637 67.6126 -1710.56
604000 -506.728 730228 39.97 26.95 677.9 -105846 53360 -33.3368 159.978 -1646.83
605000 -579.873 730228 39.97 26.95 677.9 -105943 53394.2 -44.1402 132.809 -1828.29
606000 -589.742 730228 39.97 26.95 677.9 -105749 53482.6 -80.6736 57.0397 -1745.59
607000 -583.037 730228 39.97 26.95 677.9 -105802 53456.1 -98.6786 80.2566 -1730.69
608000 -567.557 730228 39.97 26.95 677.9 -105803 53453.2 -29.8508 62.5354 -1735.35
609000 -543.021 730228 39.97 26.95 677.9 -105845 53475.9 -55.3679 156.399 -1730.1
610000 -518.527 730228 39.97 26.95 677.9 -105870 53453.8 35.1299 145.276 -1735.99
611000 -567.26 730228 39.97 26.95 677.9 -105892 53376.5 25.8382 27.8574 -1755.48
612000 -585.104 730228 39.97 26.95 677.9 -105892 53417.3 -41.9907 84.651 -1797.97
613000 -512.829 730228 39.97 26.95 677.9 -105906 53426.8 57.0757 171.853 -1767.42
614000 -505.591 730228 39.97 26.95 677.9 -105745 53520.9 26.9334 197.753 -1741.46
615000 -500.087 730228 39.97 26.95 677.9 -105796 53478.9 -6.05003 178.781 -1672.99
616000 -486.399 730228 39.97 26.95 677.9 -105788 53512.4 35.61 217.389 -1712.19
617000 -484.748 730228 39.97 26.95 677.9 -105729 53491.1 10.1282 190.7 -1655.07
618000 -593.89 730228 39.97 26.95 677.9 -105837 53472.8 -119.882 85.7547 -1747.54
619000 -614.954 730228 39.97 26.95 677.9 -105890 53423.6 -97.637 96.3078 -1843.53
620000 -563.017 730228 39.97 26.95 677.9 -105975 53450.8 -119.215 149.051 -1718.89
621000 -550.446 730228 39.97 26.95 677.9 -105930 53458.2 -9.23599 65.5931 -1707.7
622000 -529.804 730228 39.97 26.95 677.9 -105912 53472.3 -17.6385 53.1186 -1624.89
623000 -604.954 730228 39.97 26.95 677.9 -105953 53383.6 -99.1783 -0.265345 -1715.42
624000 -625.573 730228 39.97 26.95 677.9 -105827 53427.3 -102.989 20.5642 -1794.29
625000 -758.937 730228 39.97 26.95 677.9 -106021 53314.6 -252.037 -85.903 -1938.87
626000 -662.181 730228 39.97 26.95 677.9 -105986 53446 -172.304 -11.3425 -1802.9
627000 -651.222 730228 39.97 26.95 677.9 -105858 53445.1 -96.5512 -46.4787 -1810.64
628000 -570.321 730228 39.97 26.95 677.9 -105954 53377 -64.535 63.8628 -1710.29
629000 -551.459 730228 39.97 26.95 677.9 -105992 53378.1 47.9747 39.4857 -1741.84
630000 -683.9 730228 39.97 26.95 677.9 -105964 53375.9 -109.259 -11.2405 -1931.2
631000 -566.365 730228 39.97 26.95 677.9 -106015 53430.1 -51.0807 74.7334 -1722.75
632000 -563.659 730228 39.97 26.95 677.9 -106143 53466.6 -11.2672 127.04 -1806.75
633000 -554.646 730228 39.97 26.95 677.9 -105950 53477.7 -133.292 125.373 -1656.02
634000 -585.186 730228 39.97 26.95 677.9 -106086 53467 -57.3072 73.8226 -1772.07
635000 -602.886 730228 39.97 26.95 677.9 -106123 53346.3 -60.4691 14.9102 -1763.1
636000 -671.472 730228 39.97 26.95 677.9 -105841 53468.4 -249.225 50.2587 -1815.45
637000 -681.629 730228 39.97 26.95 677.9 -105984 53351 -180.576 -23.0338 -1841.28
638000 -590.276 730228 39.97 26.95 677.9 -105756 53487.8 -72.5564 57.9289 -1756.2
639000 -577.997 730228 39.97 26.95 677.9 -105866 53458.9 -84.9309 66.6856 -1715.74
640000 -520.913 730228 39.97 26.95 677.9 -105997 53397.2 -33.6355 112.416 -1641.52
641000 -548.144 730228 39.97 26.95 677.9 -106019 53418.9 -117.319 132.275 -1659.39
642000 -607.312 730228 39.97 26.95 677.9 -105646 53586 -192.449 137.33 -1766.82
643000 -604.171 730228 39.97 26.95 677.9 -105794 53471.7 -97.4335 51.8625 -1766.94
644000 -562.959 730228 39.97 26.95 677.9 -105958 53452.2 -57.1293 81.5321 -1713.28
645000 -519.662 730228 39.97 26.95 677.9 -105902 53480.2 -33.7882 185.239 -1710.44
646000 -542.989 730228 39.97 26.95 677.9 -105921 53424 -59.3759 106.05 -1675.64
647000 -485.123 730228 39.97 26.95 677.9 -106138 53419.8 32.9963 191.841 -1680.21
648000 -525.85 730228 39.97 26.95 677.9 -105843 53458.8 -18.1986 139.005 -1698.36
649000 -533.227 730228 39.97 26.95 677.9 -106015 53430.1 -12.3237 96.681 -1684.04
650000 -625.986 730228 39.97 26.95 677.9 -105838 53469.2 -84.3777 -14.0378 -1779.54
651000 -559.664 730228 39.97 26.95 677.9 -105774 53536 -27.591 71.8926 -1723.29
652000 -601.166 730228 39.97 26.95 677.9 -106144 53347.3 -148.459 92.8153 -1747.85
653000 -508.836 730228 39.97 26.95 677.9 -105883 53478.2 89.6149 86.7223 -1702.85
654000 -648.332 730228 39.97 26.95 677.9 -106005 53396.7 -113.409 -17.8746 -1813.71
655000 -584.406 730228 39.97 26.95 677.9 -105826 53479.1 -55.88 56.0193 -1753.36
656000 -593.525 730228 39.97 26.95 677.9 -105972 53420 -19.7193 78.2168 -1839.07
657000 -588.409 730228 39.97 26.95 677.9 -105868 53452.4 -15.3284 48.4765 -1798.38
658000 -548.945 730228 39.97 26.95 677.9 -105956 53417 1.49779 156.079 -1804.41
659000 -637.109 730228 39.97 26.95 677.9 -105998 53379.6 -122.767 64.972 -1853.53
660000 -634.73 730228 39.97 26.95 677.9 -105987 53404.5 -92.7743 39.175 -1850.59
661000 -569.703 730228 39.97 26.95 677.9 -105860 53448.7 -30.2105 112.737 -1791.64
662000 -567.092 730228 39.97 26.95 677.9 -105966 53474.2 -61.6968 121.607 -1761.19
663000 -641.208 730228 39.97 26.95 677.9 -106087 53413.4 -103.766 18.2792 -1838.14
664000 -607.426 730228 39.97 26.95 677.9 -105999 53366.1 -94.8199 26.589 -1754.05
665000 -604.694 730228 39.97 26.95 677.9 -105803 53536.6 -21.5566 -79.5076 -1713.02
666000 -609.196 730228 39.97 26.95 677.9 -105949 53456.5 -41.2977 -57.8247 -1728.47
667000 -612.402 730228 39.97 26.95 677.9 -105897 53439.7 -33.3966 -53.5536 -1750.26
668000 -711.816 730228 39.97 26.95 677.9 -105858 53474.3 -164.688 -116.603 -1854.16
669000 -586.742 730228 39.97 26.95 677.9 -105965 53440.5 -70.4041 89.5699 -1779.39
670000 -623.464 730228 39.97 26.95 677.9 -105955 53479.7 -80.5924 -22.3306 -1767.47
671000 -557.189 730228 39.97 26.95 677.9 -106074 53415.6 11.4707 38.9295 -1721.97
672000 -573.203 730228 39.97 26.95 677.9 -105899 53529.6 -0.741964 5.45214 -1724.32
673000 -608.157 730228 39.97 26.95 677.9 -106081 53442 -123.896 39.6389 -1740.21
674000 -627.96 730228 39.97 26.95 677.9 -105928 53456.1 -89.762 17.265 -1811.38
675000 -649.442 730228 39.97 26.95 677.9 -105887 53457.1 -127.76 -8.51875 -1812.05
676000 -645.034 730228 39.97 26.95 677.9 -105886 53446.7 -129.467 -33.3654 -1772.27
677000 -584.575 730228 39.97 26.95 677.9 -105916 53433 -57.2971 21.4043 -1717.83
678000 -689.363 730228 39.97 26.95 677.9 -105806 53422.9 -123.883 -26.1076 -1918.1
679000 -668.926 730228 39.97 26.95 677.9 -105759 53443.3 -112.411 -24.3859 -1869.98
680000 -719.519 730228 39.97 26.95 677.9 -105981 53319.8 -165.507 -112.22 -1880.83
681000 -620.807 730228 39.97 26.95 677.9 -105835 53416.8 -108.562 7.31636 -1761.18
682000 -636.202 730228 39.97 26.95 677.9 -106007 53370.2 -137.553 15.929 -1786.98
683000 -692.257 730228 39.97 26.95 677.9 -105932 53463.6 -41.2883 -128.024 -1907.46
684000 -623.121 730228 39.97 26.95 677.9 -105943 53449.1 -62.5888 -53.0454 -1753.73
685000 -568.556 730228 39.97 26.95 677.9 -105866 53462 -51.7934 12.9437 -1666.82
686000 -697.1 730228 39.97 26.95 677.9 -105869 53422.8 -139.518 -121.433 -1830.35
687000 -593.444 730228 39.97 26.95 677.9 -105866 53402.1 23.6575 48.9128 -1852.9
688000 -598.491 730228 39.97 26.95 677.9 -106202 53254.5 -11.8696 31.2953 -1814.9
689000 -594.782 730228 39.97 26.95 677.9 -105977 53402.9 -33.4084 -31.2577 -1719.68
690000 -548.509 730228 39.97 26.95 677.9 -105841 53435 -46.8035 71.9478 -1670.67
691000 -577.332 730228 39.97 26.95 677.9 -105761 53479.4 -37.4494 34.5528 -1729.1
692000 -568.515 730228 39.97 26.95 677.9 -105846 53462.8 -33.8823 53.4684 -1725.13
693000 -611.657 730228 39.97 26.95 677.9 -105918 53465.3 -142.855 25.7959 -1717.91
694000 -601.785 730228 39.97 26.95 677.9 -105857 53466.3 -30.1674 -22.9877 -1752.2
695000 -648.101 730228 39.97 26.95 677.9 -105813 53490.1 -113.5 -45.2312 -1785.57
696000 -620.663 730228 39.97 26.95 677.9 -105829 53435.2 -2.2414 -70.7893 -1788.96
697000 -596.587 730228 39.97 26.95 677.9 -105958 53352.2 -24.7321 -25.7041 -1739.33
698000 -522.323 730228 39.97 26.95 677.9 -105927 53435.2 12.9179 60.9215 -1640.81
699000 -602.913 730228 39.97 26.95 677.9 -105748 53468.6 -154.99 46.7473 -1700.5
700000 -539.164 730228 39.97 26.95 677.9 -105964 53336.5 -24.4518 120.649 -1713.69
701000 -575.592 730228 39.97 26.95 677.9 -105851 53482 -64.4309 94.2981 -1756.64
702000 -464.679 730228 39.97 26.95 677.9 -106203 53398.1 -18.0822 115.436 -1491.39
703000 -508.392 730228 39.97 26.95 677.9 -106011 53455.1 42.2387 82.085 -1649.5
704000 -589.148 730228 39.97 26.95 677.9 -105970 53429.2 -47.1824 13.8476 -1734.11
705000 -580.628 730228 39.97 26.95 677.9 -105931 53519.9 -6.9805 -6.5687 -1728.33
706000 -599.986 730228 39.97 26.95 677.9 -106016 53374 -77.156 -17.2855 -1705.52
707000 -537.867 730228 39.97 26.95 677.9 -105952 53447.5 -75.724 59.3162 -1597.19
708000 -520.629 730228 39.97 26.95 677.9 -105896 53368.5 28.6434 105.059 -1695.59
709000 -595.068 730228 39.97 26.95 677.9 -105616 53512.6 -43.7908 15.0096 -1756.42
710000 -547.472 730228 39.97 26.95 677.9 -105773 53452 -27.519 47.3076 -1662.2
711000 -582.62 730228 39.97 26.95 677.9 -105960 53398.5 -83.9655 58.0588 -1721.95
712000 -572.225 730228 39.97 26.95 677.9 -105793 53513.5 -81.0009 42.1762 -1677.85
713000 -568.924 730228 39.97 26.95 677.9 -105888 53392.4 -29.7676 22.2972 -1699.3
714000 -514.983 730228 39.97 26.95 677.9 -105895 53456.8 -12.546 124.851 -1657.25
715000 -454.54 730228 39.97 26.95 677.9 -105985 53400.7 77.6027 173.089 -1614.31
716000 -482.994 730228 39.97 26.95 677.9 -105901 53446 41.7802 171.995 -1662.76
717000 -537.396 730228 39.97 26.95 677.9 -105711 53414.9 -66.4729 137.19 -1682.9
718000 -449.51 730228 39.97 26.95 677.9 -105720 53485.5 19.3663 197.088 -1564.98
719000 -529.127 730228 39.97 26.95 677.9 -105869 53417.7 -54.695 156.538 -1689.22
720000 -463.455 730228 39.97 26.95 677.9 -105822 53469.4 75.5793 97.2593 -1563.2
721000 -492.036 730228 39.97 26.95 677.9 -105850 53401.5 48.6294 110.965 -1635.7
722000 -501.577 730228 39.97 26.95 677.9 -106046 53347.3 -43.0402 95.1886 -1556.88
723000 -599.141 730228 39.97 26.95 677.9 -105948 53447.2 -96.523 49.0546 -1749.95
724000 -594.837 730228 39.97 26.95 677.9 -105563 53526 -132.636 38.1744 -1690.05
725000 -577.925 730228 39.97 26.95 677.9 -105896 53404.6 -109.847 68.7534 -1692.68
726000 -570.366 730228 39.97 26.95 677.9 -105919 53453.4 -90.7166 103.388 -1723.77
727000 -528.306 730228 39.97 26.95 677.9 -105962 53398.7 -10.7923 41.804 -1615.93
728000 -542.909 730228 39.97 26.95 677.9 -105695 53570.5 -38.5353 43.5579 -1633.75
729000 -592.214 730228 39.97 26.95 677.9 -105784 53456.2 -23.8745 65.8646 -1818.63
730000 -683.118 730228 39.97 26.95 677.9 -105799 53479.7 -133.713 -133.024 -1782.62
731000 -540.319 730228 39.97 26.95 677.9 -105876 53420 -5.38765 -17.9682 -1597.6
732000 -642.543 730228 39.97 26.95 677.9 -105888 53375.1 -198.028 10.2855 -1739.89
733000 -627.042 730228 39.97 26.95 677.9 -105870 53430.1 -116.959 -41.419 -1722.75
734000 -543.623 730228 39.97 26.95 677.9 -105868 53532.3 -20.2217 2.12748 -1612.78
735000 -641.954 730228 39.97 26.95 677.9 -105683 53460 -57.924 -32.7515 -1835.19
736000 -534.741 730228 39.97 26.95 677.9 -105949 53490.9 11.0385 74.6286 -1689.89
737000 -601.044 730228 39.97 26.95 677.9 -105992 53439.8 -99.3144 19.2454 -1723.06
738000 -531.585 730228 39.97 26.95 677.9 -106100 53373.6 -59.7691 79.2631 -1614.25
739000 -537.698 730228 39.97 26.95 677.9 -105969 53560.8 2.23727 63.3031 -1678.63
740000 -574.999 730228 39.97 26.95 677.9 -105884 53555.3 -29.1606 -14.7899 -1681.05
741000 -527.933 730228 39.97 26.95 677.9 -105929 53490.3 -14.0862 86.8853 -1656.6
742000 -575.997 730228 39.97 26.95 677.9 -106071 53432.5 -53.5772 36.7161 -1711.13
743000 -574.303 730228 39.97 26.95 677.9 -106026 53458 -24.0467 33.0286 -1731.89
744000 -575.828 730228 39.97 26.95 677.9 -105929 53421.6 -18.6104 -14.9722 -1693.9
745000 -538.863 730228 39.97 26.95 677.9 -106029 53411.7 -32.964 121.743 -1705.37
746000 -623.452 730228 39.97 26.95 677.9 -106039 53421.7 -128.648 -14.525 -1727.18
747000 -574.564 730228 39.97 26.95 677.9 -105953 53417 -14.8319 33.9475 -1742.81
748000 -567.979 730228 39.97 26.95 677.9 -106062 53316.4 -18.3744 36.2677 -1721.83
749000 -477.968 730228 39.97 26.95 677.9 -106110 53383.7 25.7403 192.375 -1652.02
750000 -617.346 730228 39.97 26.95 677.9 -105975 53419.2 -130.322 61.3572 -1783.07
751000 -542.659 730228 39.97 26.95 677.9 -106096 53449.8 47.3434 22.3056 -1697.63
752000 -539.082 730228 39.97 26.95 677.9 -106136 53443.5 -3.75852 0.980488 -1614.47
753000 -677.938 730228 39.97 26.95 677.9 -105970 53425.4 -202.721 -41.3036 -1789.79
754000 -601.154 730228 39.97 26.95 677.9 -105958 53477.1 -171.306 21.1691 -1653.33
755000 -584.417 730228 39.97 26.95 677.9 -106062 53421 -25.5932 -51.8961 -1675.76
756000 -556.751 730228 39.97 26.95 677.9 -105860 53470 -33.3646 47.1608 -1684.05
757000 -558.906 730228 39.97 26.95 677.9 -106005 53474.2 -48.8133 107.822 -1735.73
758000 -553.649 730228 39.97 26.95 677.9 -106053 53428.1 -28.088 50.2344 -1683.09
759000 -551.663 730228 39.97 26.95 677.9 -106025 53539.1 -34.018 61.7053 -1682.68
760000 -640.274 730228 39.97 26.95 677.9 -105918 53431.5 -115.011 -108.689 -1697.12
761000 -595.993 730228 39.97 26.95 677.9 -106067 53436.2 -25.8505 -14.7237 -1747.41
762000 -557.278 730228 39.97 26.95 677.9 -106046 53348.4 -80.7276 77.2082 -1668.31
763000 -588.715 730228 39.97 26.95 677.9 -106004 53476.3 -48.3361 -33.5667 -1684.24
764000 -619.672 730228 39.97 26.95 677.9 -105851 53484.3 -104.041 -66.0534 -1688.92
765000 -610.059 730228 39.97 26.95 677.9 -105762 53565.6 -68.39 16.2185 -1778.01
766000 -603.269 730228 39.97 26.95 677.9 -106079 53354.9 -7.71579 -10.1297 -1791.96
767000 -571.862 730228 39.97 26.95 677.9 -105940 53465.5 -110.489 104.41 -1709.51
768000 -618.031 730228 39.97 26.95 677.9 -105981 53368.4 -160.23 -11.945 -1681.92
769000 -592.1 730228 39.97 26.95 677.9 -105915 53508.7 -77.0616 54.536 -1753.77
770000 -658.979 730228 39.97 26.95 677.9 -105912 53487.9 -254.12 -42.7587 -1680.06
771000 -605.244 730228 39.97 26.95 677.9 -106072 53448.5 -82.2019 -71.0912 -1662.44
772000 -653.768 730228 39.97 26.95 677.9 -105823 53564.7 -178.73 -42.8296 -1739.74
773000 -689.561 730228 39.97 26.95 677.9 -106223 53319.8 -181.141 -99.0283 -1788.51
774000 -651.596 730228 39.97 26.95 677.9 -106201 53400 -111.4 -85.9298 -1757.46
775000 -598.392 730228 39.97 26.95 677.9 -106092 53455.9 -146.467 44.3847 -1693.09
776000 -549.347 730228 39.97 26.95 677.9 -106101 53495.4 -48.6107 55.6303 -1655.06
777000 -553.109 730228 39.97 26.95 677.9 -106077 53412.8 -17.121 -6.39671 -1635.81
778000 -513.688 730228 39.97 26.95 677.9 -106073 53484.5 -48.3939 93.8508 -1586.52
779000 -568.265 730228 39.97 26.95 677.9 -106122 53422.3 -70.8814 -42.9968 -1590.92
780000 -561.731 730228 39.97 26.95 677.9 -106096 53442.3 -73.698 26.6482 -1638.14
781000 -546.396 730228 39.97 26.95 677.9 -106074 53407.2 -38.5412 7.23052 -1607.88
782000 -598.447 730228 39.97 26.95 677.9 -106012 53427.8 -99.2776 1.06191 -1697.12
783000 -582.154 730228 39.97 26.95 677.9 -105901 53482.4 -71.0634 57.0238 -1732.42
784000 -466.289 730228 39.97 26.95 677.9 -105975 53390.8 90.5754 47.6841 -1537.13
785000 -410.354 730228 39.97 26.95 677.9 -105722 53558.8 167.102 149.931 -1548.1
786000 -513.732 730228 39.97 26.95 677.9 -105875 53452.8 18.0451 65.873 -1625.11
787000 -585.475 730228 39.97 26.95 677.9 -105887 53460.4 -86.7526 -7.44285 -1662.23
788000 -549.407 730228 39.97 26.95 677.9 -106007 53385 -105.024 15.8096 -1559.01
789000 -545.721 730228 39.97 26.95 677.9 -105798 53472.4 -35.4506 100.538 -1702.25
790000 -542.423 730228 39.97 26.95 677.9 -105930 53415.7 -83.8088 98.1758 -1641.64
791000 -496.285 730228 39.97 26.95 677.9 -105907 53469.7 -13.485 161.035 -1636.4
792000 -503.736 730228 39.97 26.95 677.9 -105770 53480 51.8312 88.0716 -1651.11
793000 -481.488 730228 39.97 26.95 677.9 -105894 53389.5 35.6208 108.777 -1588.86
794000 -540.776 730228 39.97 26.95 677.9 -105855 53456.2 -11.0962 54.4717 -1665.7
795000 -589.079 730228 39.97 26.95 677.9 -105626 53572.8 -118.195 91.0998 -1740.14
796000 -574.19 730228 39.97 26.95 677.9 -105930 53483.2 -127.895 102.779 -1697.45
797000 -571.326 730228 39.97 26.95 677.9 -105997 53469.2 -170.66 110.957 -1654.28
798000 -594.364 730228 39.97 26.95 677.9 -106121 53440.8 -52.6434 15.8092 -1746.26
799000 -572.839 730228 39.97 26.95 677.9 -106004 53447.2 -89.3215 36.0201 -1665.22
800000 -610.309 730228 39.97 26.95 677.9 -106194 53404.6 -108.843 -36.5474 -1685.54
801000 -531.579 730228 39.97 26.95 677.9 -106147 53423.2 27.0764 37.9176 -1659.73
802000 -593.939 730228 39.97 26.95 677.9 -106185 53423.3 -80.044 -17.7091 -1684.06
803000 -593.508 730228 39.97 26.95 677.9 -105854 53499 -149.522 31.0711 -1662.07
804000 -516.386 730228 39.97 26.95 677.9 -105945 53495.3 -52.3317 159.419 -1656.25
805000 -483.432 730228 39.97 26.95 677.9 -105866 53582.7 -30.1998 123.424 -1543.52
806000 -503.214 730228 39.97 26.95 677.9 -106111 53439 -38.7005 98.2317 -1569.17
807000 -496.097 730228 39.97 26.95 677.9 -105879 53459.6 56.8016 103.825 -1648.92
808000 -563.485 730228 39.97 26.95 677.9 -106018 53415.6 -99.7368 -9.56655 -1581.15
809000 -553.737 730228 39.97 26.95 677.9 -105970 53389.3 -45.4554 0.94003 -1616.7
810000 -510.224 730228 39.97 26.95 677.9 -106026 53404.5 9.61682 92.8457 -1633.13
811000 -533.22 730228 39.97 26.95 677.9 -105829 53434.6 -16.8964 16.2107 -1598.97
812000 -468.542 730228 39.97 26.95 677.9 -105852 53519.8 91.9034 66.19 -1563.72
813000 -495.614 730228 39.97 26.95 677.9 -105956 53388.1 -7.13686 84.1551 -1563.86
814000 -513.843 730228 39.97 26.95 677.9 -106006 53420.2 45.0695 48.0713 -1634.67
815000 -496.376 730228 39.97 26.95 677.9 -105688 53547 70.7311 9.11783 -1568.98
816000 -508.131 730228 39.97 26.95 677.9 -106196 53298.7 1.70625 130.647 -1656.75
817000 -585.094 730228 39.97 26.95 677.9 -105896 53460.6 -50.6396 30.8142 -1735.46
818000 -510.286 730228 39.97 26.95 677.9 -105980 53535.4 -74.9654 144.27 -1600.16
819000 -471.562 730228 39.97 26.95 677.9 -106159 53356.3 -14.9039 150.803 -1550.59
820000 -562.1 730228 39.97 26.95 677.9 -106047 53448.2 -68.7442 15.2942 -1632.85
821000 -601.738 730228 39.97 26.95 677.9 -105779 53503.1 -79.9926 -12.8042 -1712.42
822000 -589.524 730228 39.97 26.95 677.9 -105922 53459.1 -118.067 56.8285 -1707.33
823000 -548.419 730228 39.97 26.95 677.9 -106007 53491.7 -151.337 189.278 -1683.2
824000 -554.465 730228 39.97 26.95 677.9 -106161 53397.9 -114.287 165.192 -1714.3
825000 -533.101 730228 39.97 26.95 677.9 -105988 53416.6 -22.8217 17.7711 -1594.25
826000 -534.323 730228 39.97 26.95 677.9 -105807 53438.2 29.0398 -9.43747 -1622.57
827000 -491.578 730228 39.97 26.95 677.9 -105756 53591.7 34.6256 36.7117 -1546.07
828000 -490.435 730228 39.97 26.95 677.9 -105893 53481.4 37.4779 115.003 -1623.79
829000 -562.295 730228 39.97 26.95 677.9 -105900 53404.2 -23.2385 26.4383 -1690.08
830000 -503.325 730228 39.97 26.95 677.9 -105988 53372.9 -8.45575 52.0736 -1553.59
831000 -509.013 730228 39.97 26.95 677.9 -105970 53500.3 19.8473 102.481 -1649.37
832000 -582.431 730228 39.97 26.95 677.9 -106052 53436.9 -34.5218 13.3414 -1726.11
833000 -568.77 730228 39.97 26.95 677.9 -106198 53354.3 -90.1373 82.7294 -1698.9
834000 -554.841 730228 39.97 26.95 677.9 -105910 53503.2 -79.4027 108.35 -1693.47
835000 -597.895 730228 39.97 26.95 677.9 -106138 53456.9 -111.672 49.7086 -1731.72
836000 -584.446 730228 39.97 26.95 677.9 -106027 53416.7 -93.6716 72.139 -1731.81
837000 -575.841 730228 39.97 26.95 677.9 -105910 53472.9 -101.586 54.7623 -1680.7
838000 -510.993 730228 39.97 26.95 677.9 -105922 53457.3 -19.6046 63.6715 -1577.04
839000 -518.959 730228 39.97 26.95 677.9 -106109 53402.3 -6.03539 90.9705 -1641.81
840000 -597.195 730228 39.97 26.95 677.9 -105920 53431 -77.0124 28.8047 -1743.38
841000 -582.108 730228 39.97 26.95 677.9 -105956 53422.8 -101.351 60.7052 -1705.68
842000 -591.627 730228 39.97 26.95 677.9 -105796 53490.5 -92.2787 24.4204 -1707.02
843000 -640.776 730228 39.97 26.95 677.9 -105700 53492.8 -177.49 -6.08095 -1738.76
844000 -591.715 730228 39.97 26.95 677.9 -105906 53451.8 9.81818 -47.3086 -1737.65
845000 -507.197 730228 39.97 26.95 677.9 -105736 53493.1 27.5168 81.9203 -1631.03
846000 -541.406 730228 39.97 26.95 677.9 -105979 53388.9 -45.6073 6.55923 -1585.17
847000 -539.011 730228 39.97 26.95 677.9 -105897 53504.5 15.0441 29.3995 -1661.48
848000 -600.101 730228 39.97 26.95 677.9 -105996 53476 -51.6971 11.309 -1759.91
849000 -567.114 730228 39.97 26.95 677.9 -106113 53428.1 -23.7153 14.9525 -1692.58
850000 -591.084 730228 39.97 26.95 677.9 -106103 53336.4 -81.7465 28.8412 -1720.35
851000 -584.696 730228 39.97 26.95 677.9 -106047 53376.5 -57.112 -9.71699 -1687.26
852000 -546.489 730228 39.97 26.95 677.9 -106064 53388.6 -8.5856 73.9122 -1704.79
853000 -502.723 730228 39.97 26.95 677.9 -105936 53464.2 65.5884 44.7772 -1618.53
854000 -626.063 730228 39.97 26.95 677.9 -106180 53404 -108.405 -36.6211 -1733.16
855000 -513.663 730228 39.97 26.95 677.9 -105946 53445.4 -2.81354 65.4654 -1603.64
856000 -537.641 730228 39.97 26.95 677.9 -105964 53424.4 -52.8152 149.655 -1709.76
857000 -552.25 730228 39.97 26.95 677.9 -105806 53457.6 -29.1972 43.2286 -1670.78
858000 -410.276 730228 39.97 26.95 677.9 -105834 53446.5 132.422 89.8463 -1453.1
859000 -466.305 730228 39.97 26.95 677.9 -105737 53460.2 69.3564 122.741 -1591.01
860000 -418.329 730228 39.97 26.95 677.9 -105717 53551.1 66.3894 160.323 -1481.7
861000 -555.081 730228 39.97 26.95 677.9 -105957 53425 -17.1481 -23.2069 -1624.89
862000 -467.228 730228 39.97 26.95 677.9 -105893 53439.5 108.709 17.9258 -1528.32
863000 -591.474 730228 39.97 26.95 677.9 -105840 53421.1 -173.891 33.8752 -1634.41
864000 -627.311 730228 39.97 26.95 677.9 -105882 53417.7 -135.888 -55.2592 -1690.79
865000 -580.7 730228 39.97 26.95 677.9 -105980 53471.2 -150.096 49.9758 -1641.98
866000 -479.2 730228 39.97 26.95 677.9 -106106 53408.2 115.318 79.92 -1632.84
867000 -517.362 730228 39.97 26.95 677.9 -105924 53403.8 2.77706 59.4017 -1614.26
868000 -579.777 730228 39.97 26.95 677.9 -106100 53454.6 -123.626 33.6052 -1649.31
869000 -565.08 730228 39.97 26.95 677.9 -106083 53414.1 -53.7312 8.15721 -1649.67
870000 -566.381 730228 39.97 26.95 677.9 -106018 53423.5 -76.6533 -52.3339 -1570.16
871000 -495.64 730228 39.97 26.95 677.9 -105966 53477 -12.0813 76.2453 -1551.08
872000 -559.985 730228 39.97 26.95 677.9 -106055 53495 -102.136 82.3048 -1660.12
873000 -646.055 730228 39.97 26.95 677.9 -106081 53441.2 -111.471 -12.6539 -1814.04
874000 -570.783 730228 39.97 26.95 677.9 -106054 53418.4 -46.715 29.4271 -1695.06
875000 -534.944 730228 39.97 26.95 677.9 -106233 53323.8 -44.1315 122.548 -1683.25
876000 -595.649 730228 39.97 26.95 677.9 -106016 53397.1 -92.6729 22.1383 -1716.41
877000 -624.233 730228 39.97 26.95 677.9 -106056 53369.6 -70.1584 -23.3474 -1779.19
878000 -575.826 730228 39.97 26.95 677.9 -106125 53346.2 -47.8483 41.8631 -1721.49
879000 -673.638 730228 39.97 26.95 677.9 -105952 53401.6 -143.17 -84.5111 -1793.23
880000 -527.414 730228 39.97 26.95 677.9 -105809 53472.6 -42.8656 59.1656 -1598.54
881000 -563.922 730228 39.97 26.95 677.9 -105806 53536.3 -52.3652 14.321 -1653.72
882000 -476.579 730228 39.97 26.95 677.9 -105899 53461 -8.10765 144.002 -1565.63
883000 -568.701 730228 39.97 26.95 677.9 -105934 53460.7 -118.035 8.35908 -1596.43
884000 -479.912 730228 39.97 26.95 677.9 -105835 53434.7 16.4876 12.0671 -1468.29
885000 -501.941 730228 39.97 26.95 677.9 -105870 53403.9 43.4369 14.6057 -1563.87
886000 -526.737 730228 39.97 26.95 677.9 -105852 53476.8 -6.02918 27.3881 -1601.57
887000 -614.893 730228 39.97 26.95 677.9 -105751 53517.8 -103.214 -4.56526 -1736.9
888000 -590.498 730228 39.97 26.95 677.9 -106112 53376.9 -67.599 -15.7086 -1688.19
889000 -546.426 730228 39.97 26.95 677.9 -106068 53369.4 9.62574 -25.8178 -1623.09
890000 -505.303 730228 39.97 26.95 677.9 -106077 53408.8 54.2881 48.9031 -1619.1
891000 -512.609 730228 39.97 26.95 677.9 -105898 53446.7 8.21074 86.6152 -1632.65
892000 -536.01 730228 39.97 26.95 677.9 -105944 53437.3 -13.7756 59.1347 -1653.39
893000 -480.433 730228 39.97 26.95 677.9 -105877 53445 22.4537 35.7369 -1499.49
894000 -472.405 730228 39.97 26.95 677.9 -105863 53474.8 105.888 58.09 -1581.19
895000 -469.575 730228 39.97 26.95 677.9 -105925 53450.6 12.681 93.1896 -1514.6
896000 -527.266 730228 39.97 26.95 677.9 -105983 53435.1 -35.6362 83.3594 -1629.52
897000 -514.6 730228 39.97 26.95 677.9 -105883 53440.7 -41.0834 77.9608 -1580.68
898000 -495.569 730228 39.97 26.95 677.9 -105805 53549.4 32.7139 110.032 -1629.45
899000 -525.627 730228 39.97 26.95 677.9 -105957 53483.5 25.7644 39.6436 -1642.29
900000 -511.527 730228 39.97 26.95 677.9 -106129 53429 -40.7428 50.3343 -1544.17
901000 -495.374 730228 39.97 26.95 677.9 -106124 53336.4 27.5609 41.0595 -1554.74
902000 -480.99 730228 39.97 26.95 677.9 -105898 53427.4 69.4168 46.924 -1559.31
903000 -480.23 730228 39.97 26.95 677.9 -105958 53437.5 74.1554 37.4813 -1552.33
904000 -556.712 730228 39.97 26.95 677.9 -105889 53419 20.9374 -19.9142 -1671.16
905000 -559.925 730228 39.97 26.95 677.9 -105943 53405.2 -67.3805 57.0103 -1669.4
906000 -511.363 730228 39.97 26.95 677.9 -105815 53542.5 3.53791 119.19 -1656.82
907000 -587.278 730228 39.97 26.95 677.9 -105869 53487.6 -58.0911 -9.47867 -1694.27
908000 -556.681 730228 39.97 26.95 677.9 -106045 53387.9 -17.0951 -15.5344 -1637.41
909000 -563.61 730228 39.97 26.95 677.9 -105976 53518.4 40.5531 0.617766 -1732
910000 -597.678 730228 39.97 26.95 677.9 -105944 53431.7 -84.0063 -24.5362 -1684.49
911000 -522.484 730228 39.97 26.95 677.9 -105918 53524.7 -31.0042 54.2577 -1590.71
912000 -582.542 730228 39.97 26.95 677.9 -106043 53486.5 -133.259 49.6373 -1664.01
913000 -586.463 730228 39.97 26.95 677.9 -106195 53455.5 -91.2806 -11.775 -1656.33
914000 -526.634 730228 39.97 26.95 677.9 -106086 53420.6 -84.4523 89.4183 -1584.87
915000 -622.619 730228 39.97 26.95 677.9 -106074 53433.5 -95.806 -11.9048 -1760.15
916000 -524.098 730228 39.97 26.95 677.9 -105883 53423 17.7992 44.058 -1634.15
917000 -534.47 730228 39.97 26.95 677.9 -105980 53421.2 -109.874 23.5919 -1517.13
918000 -576.223 730228 39.97 26.95 677.9 -106060 53422.1 -37.4855 -27.3913 -1663.79
919000 -678.017 730228 39.97 26.95 677.9 -105972 53423.1 -201.046 -151.842 -1681.16
920000 -611.81 730228 39.97 26.95 677.9 -105887 53444.8 -141.429 -57.4352 -1636.57
921000 -581.816 730228 39.97 26.95 677.9 -106072 53405.7 -68.3191 -41.7223 -1635.41
922000 -579.466 730228 39.97 26.95 677.9 -105876 53474.2 -47.9502 -96.8994 -1593.55
923000 -617.168 730228 39.97 26.95 677.9 -106012 53452.3 -136.694 -34.4416 -1680.37
924000 -510.556 730228 39.97 26.95 677.9 -106002 53517.2 14.704 62.3427 -1608.71
925000 -546.15 730228 39.97 26.95 677.9 -106066 53470.7 -64.6579 -36.9628 -1536.83
926000 -557.024 730228 39.97 26.95 677.9 -106056 53477.4 -63.1924 -29.5546 -1578.33
927000 -458.147 730228 39.97 26.95 677.9 -106048 53453.7 79.4361 6.65745 -1460.54
928000 -469.578 730228 39.97 26.95 677.9 -106026 53509.7 31.0191 39.0464 -1478.8
929000 -423.098 730228 39.97 26.95 677.9 -106000 53464.2 76.7065 127.898 -1473.9
930000 -420.694 730228 39.97 26.95 677.9 -105855 53476.9 21.4306 96.2534 -1379.76
931000 -498.408 730228 39.97 26.95 677.9 -105946 53441.6 -92.9062 105.398 -1507.72
932000 -418.403 730228 39.97 26.95 677.9 -105893 53464.3 -67.405 148.792 -1336.6
933000 -458.025 730228 39.97 26.95 677.9 -106147 53387.4 -19.8245 24.0401 -1378.29
934000 -479.07 730228 39.97 26.95 677.9 -106146 53370.8 7.59384 64.5894 -1509.39
935000 -523.11 730228 39.97 26.95 677.9 -105910 53462.7 -28.1575 32.5697 -1573.74
936000 -462.392 730228 39.97 26.95 677.9 -105925 53445.6 -41.4115 99.9901 -1445.75
937000 -437.919 730228 39.97 26.95 677.9 -105881 53413.3 -6.12555 125.745 -1433.38
938000 -553.774 730228 39.97 26.95 677.9 -106030 53438.7 -101.837 47.0838 -1606.57
939000 -506.198 730228 39.97 26.95 677.9 -105738 53489.2 -62.0425 54.1206 -1510.67
940000 -473.198 730228 39.97 26.95 677.9 -105885 53440.3 9.54645 54.4119 -1483.55
941000 -456.784 730228 39.97 26.95 677.9 -105995 53418.3 90.4123 81.1202 -1541.89
942000 -527.942 730228 39.97 26.95 677.9 -105831 53446.2 -11.5072 43.4311 -1615.75
943000 -513.19 730228 39.97 26.95 677.9 -105800 53498.4 -56.31 36.2652 -1519.52
944000 -568.681 730228 39.97 26.95 677.9 -105871 53505.9 -144.233 10.8187 -1572.63
945000 -551.195 730228 39.97 26.95 677.9 -106003 53347.5 -123.792 6.42206 -1536.21
946000 -522.452 730228 39.97 26.95 677.9 -106020 53359.1 -113.702 102.548 -1556.2
947000 -541.916 730228 39.97 26.95 677.9 -105963 53416.1 -110.475 35.8158 -1551.09
948000 -489.211 730228 39.97 26.95 677.9 -105759 53460 -12.0507 148.758 -1604.34
949000 -551.693 730228 39.97 26.95 677.9 -105848 53450.1 -116.613 69.6778 -1608.14
950000 -566.092 730228 39.97 26.95 677.9 -105950 53397.2 -198.037 39.5463 -1539.79
951000 -418.886 730228 39.97 26.95 677.9 -105671 53548.6 -30.9501 244.762 -1470.47
952000 -584.35 730228 39.97 26.95 677.9 -105867 53457.5 -165.941 -5.00421 -1582.1
953000 -543.929 730228 39.97 26.95 677.9 -105688 53471.8 -160.509 90.4472 -1561.72
954000 -503.763 730228 39.97 26.95 677.9 -105845 53481.7 -125.721 79.937 -1465.5
955000 -536.137 730228 39.97 26.95 677.9 -105628 53522 -67.6561 49.5163 -1590.27
956000 -520.287 730228 39.97 26.95 677.9 -105896 53394.6 -58.1578 90.0555 -1592.76
957000 -578.045 730228 39.97 26.95 677.9 -105954 53419.2 -35.5407 -33.9583 -1664.64
958000 -608.903 730228 39.97 26.95 677.9 -105802 53404.3 -48.9619 -5.27497 -1772.47
959000 -630.333 730228 39.97 26.95 677.9 -105845 53371.7 -144.489 -92.4575 -1654.05
960000 -550.229 730228 39.97 26.95 677.9 -105696 53451.3 -90.5144 13.189 -1573.36
961000 -539.507 730228 39.97 26.95 677.9 -105821 53441.3 -66.2899 74.3294 -1626.56
962000 -557.399 730228 39.97 26.95 677.9 -105626 53522 -153.904 19.7984 -1538.09
963000 -579.77 730228 39.97 26.95 677.9 -105761 53468.1 -125.957 -31.1055 -1582.25
964000 -599.398 730228 39.97 26.95 677.9 -105848 53375.8 -118.631 -18.4272 -1661.14
965000 -520.252 730228 39.97 26.95 677.9 -105728 53436.5 -111.559 163.098 -1612.29
966000 -495.295 730228 39.97 26.95 677.9 -105767 53515.9 -33.1358 118.357 -1571.11
967000 -498.473 730228 39.97 26.95 677.9 -105664 53560.7 -21.0735 76.7114 -1551.06
968000 -437.659 730228 39.97 26.95 677.9 -105941 53442 -11.6752 148.215 -1449.52
969000 -493.302 730228 39.97 26.95 677.9 -106015 53400.7 -116.559 103.705 -1467.05
970000 -442.631 730228 39.97 26.95 677.9 -106042 53436.8 -19.0995 177.119 -1485.91
971000 -439.352 730228 39.97 26.95 677.9 -106018 53437.5 -41.0194 162.214 -1439.25
972000 -527.243 730228 39.97 26.95 677.9 -106007 53395.7 -76.7662 40.0062 -1544.97
973000 -435.814 730228 39.97 26.95 677.9 -105969 53452.3 4.1792 162.562 -1474.18
974000 -392.303 730228 39.97 26.95 677.9 -106215 53392.1 72.6753 206.425 -1456.01
975000 -421.055 730228 39.97 26.95 677.9 -106033 53460.4 -26.925 173.528 -1409.77
976000 -414.007 730228 39.97 26.95 677.9 -105944 53498.4 -74.0897 256.813 -1424.74
977000 -496.378 730228 39.97 26.95 677.9 -105941 53425 -22.6136 61.6514 -1528.17
978000 -470.861 730228 39.97 26.95 677.9 -105864 53528.3 -2.08419 96.4326 -1506.93
979000 -471.269 730228 39.97 26.95 677.9 -105864 53488.9 -68.4966 170.048 -1515.36
980000 -528.552 730228 39.97 26.95 677.9 -105992 53384.8 -65.1231 98.8103 -1619.34
981000 -533.193 730228 39.97 26.95 677.9 -105787 53576.4 -85.7641 62.9715 -1576.79
982000 -504.065 730228 39.97 26.95 677.9 -105979 53493.2 -66.9319 105.835 -1551.1
983000 -546.984 730228 39.97 26.95 677.9 -105952 53446.7 -84.0111 61.1325 -1618.07
984000 -474.385 730228 39.97 26.95 677.9 -105891 53473.9 2.95662 84.3937 -1510.5
985000 -500.247 730228 39.97 26.95 677.9 -105991 53444.9 -56.3761 93.6182 -1537.98
986000 -496.676 730228 39.97 26.95 677.9 -106104 53438.7 55.6041 55.2336 -1600.87
987000 -468.987 730228 39.97 26.95 677.9 -106148 53336.6 16.6971 62.7485 -1486.41
988000 -486.308 730228 39.97 26.95 677.9 -106031 53546.4 -0.595809 63.1287 -1521.46
989000 -519.56 730228 39.97 26.95 677.9 -106269 53356.9 -74.8428 50.134 -1533.97
990000 -472.186 730228 39.97 26.95 677.9 -106090 53483.6 -3.70677 36.8203 -1449.67
991000 -437.941 730228 39.97 26.95 677.9 -106113 53480.9 -30.0832 98.5625 -1382.3
992000 -495.533 730228 39.97 26.95 677.9 -105910 53587.3 -67.4901 67.3744 -1486.48
993000 -505.755 730228 39.97 26.95 677.9 -106126 53399.9 -25.7918 -30.4321 -1461.04
994000 -431.526 730228 39.97 26.95 677.9 -106164 53422.3 41.1888 39.9423 -1375.71
995000 -425.48 730228 39.97 26.95 677.9 -106107 53521.3 -8.36179 122.718 -1390.8
996000 -484.939 730228 39.97 26.95 677.9 -106000 53413.1 -127.883 -16.1155 -1310.82
997000 -520.65 730228 39.97 26.95 677.9 -106044 53371.3 -91.7174 4.02492 -1474.26
998000 -495.105 730228 39.97 26.95 677.9 -105821 53727.9 -142.795 56.0614 -1398.58
